 0.0000 -5.0000 -5.0000
 0.0000 -4.6000 -5.0000
 0.0000 -4.2000 -5.0000
 0.0000 -3.8000 -5.0000
 0.0000 -3.4000 -5.0000
 0.0000 -3.0000 -5.0000
 0.0000 -2.6000 -5.0000
 0.0000 -2.2000 -5.0000
 0.0000 -1.8000 -5.0000
 0.0000 -1.4000 -5.0000
 0.0000 -1.0000 -5.0000
 0.0000 -0.6000 -5.0000
 0.0000 -0.2000 -5.0000
 0.0000 0.2000 -5.0000
 0.0000 0.6000 -5.0000
 0.0000 1.0000 -5.0000
 0.0000 1.4000 -5.0000
 0.0000 1.8000 -5.0000
 0.0000 2.2000 -5.0000
 0.0000 2.6000 -5.0000
 0.0000 3.0000 -5.0000
 0.0000 3.4000 -5.0000
 0.0000 3.8000 -5.0000
 0.0000 4.2000 -5.0000
 0.0000 4.6000 -5.0000
 0.0000 -4.8000 -4.6536
 0.0000 -4.4000 -4.6536
 0.0000 -4.0000 -4.6536
 0.0000 -3.6000 -4.6536
 0.0000 -3.2000 -4.6536
 0.0000 -2.8000 -4.6536
 0.0000 -2.4000 -4.6536
 0.0000 -2.0000 -4.6536
 0.0000 -1.6000 -4.6536
 0.0000 -1.2000 -4.6536
 0.0000 -0.8000 -4.6536
 0.0000 -0.4000 -4.6536
 0.0000 0.0000 -4.6536
 0.0000 0.4000 -4.6536
 0.0000 0.8000 -4.6536
 0.0000 1.2000 -4.6536
 0.0000 1.6000 -4.6536
 0.0000 2.0000 -4.6536
 0.0000 2.4000 -4.6536
 0.0000 2.8000 -4.6536
 0.0000 3.2000 -4.6536
 0.0000 3.6000 -4.6536
 0.0000 4.0000 -4.6536
 0.0000 4.4000 -4.6536
 0.0000 4.8000 -4.6536
 0.0000 -5.0000 -4.3072
 0.0000 -4.6000 -4.3072
 0.0000 -4.2000 -4.3072
 0.0000 -3.8000 -4.3072
 0.0000 -3.4000 -4.3072
 0.0000 -3.0000 -4.3072
 0.0000 -2.6000 -4.3072
 0.0000 -2.2000 -4.3072
 0.0000 -1.8000 -4.3072
 0.0000 -1.4000 -4.3072
 0.0000 -1.0000 -4.3072
 0.0000 -0.6000 -4.3072
 0.0000 -0.2000 -4.3072
 0.0000 0.2000 -4.3072
 0.0000 0.6000 -4.3072
 0.0000 1.0000 -4.3072
 0.0000 1.4000 -4.3072
 0.0000 1.8000 -4.3072
 0.0000 2.2000 -4.3072
 0.0000 2.6000 -4.3072
 0.0000 3.0000 -4.3072
 0.0000 3.4000 -4.3072
 0.0000 3.8000 -4.3072
 0.0000 4.2000 -4.3072
 0.0000 4.6000 -4.3072
 0.0000 -4.8000 -3.9608
 0.0000 -4.4000 -3.9608
 0.0000 -4.0000 -3.9608
 0.0000 -3.6000 -3.9608
 0.0000 -3.2000 -3.9608
 0.0000 -2.8000 -3.9608
 0.0000 -2.4000 -3.9608
 0.0000 -2.0000 -3.9608
 0.0000 -1.6000 -3.9608
 0.0000 -1.2000 -3.9608
 0.0000 -0.8000 -3.9608
 0.0000 -0.4000 -3.9608
 0.0000 0.0000 -3.9608
 0.0000 0.4000 -3.9608
 0.0000 0.8000 -3.9608
 0.0000 1.2000 -3.9608
 0.0000 1.6000 -3.9608
 0.0000 2.0000 -3.9608
 0.0000 2.4000 -3.9608
 0.0000 2.8000 -3.9608
 0.0000 3.2000 -3.9608
 0.0000 3.6000 -3.9608
 0.0000 4.0000 -3.9608
 0.0000 4.4000 -3.9608
 0.0000 4.8000 -3.9608
 0.0000 -5.0000 -3.6144
 0.0000 -4.6000 -3.6144
 0.0000 -4.2000 -3.6144
 0.0000 -3.8000 -3.6144
 0.0000 -3.4000 -3.6144
 0.0000 -3.0000 -3.6144
 0.0000 -2.6000 -3.6144
 0.0000 -2.2000 -3.6144
 0.0000 -1.8000 -3.6144
 0.0000 -1.4000 -3.6144
 0.0000 -1.0000 -3.6144
 0.0000 -0.6000 -3.6144
 0.0000 -0.2000 -3.6144
 0.0000 0.2000 -3.6144
 0.0000 0.6000 -3.6144
 0.0000 1.0000 -3.6144
 0.0000 1.4000 -3.6144
 0.0000 1.8000 -3.6144
 0.0000 2.2000 -3.6144
 0.0000 2.6000 -3.6144
 0.0000 3.0000 -3.6144
 0.0000 3.4000 -3.6144
 0.0000 3.8000 -3.6144
 0.0000 4.2000 -3.6144
 0.0000 4.6000 -3.6144
 0.0000 -4.8000 -3.2679
 0.0000 -4.4000 -3.2679
 0.0000 -4.0000 -3.2679
 0.0000 -3.6000 -3.2679
 0.0000 -3.2000 -3.2679
 0.0000 -2.8000 -3.2679
 0.0000 -2.4000 -3.2679
 0.0000 -2.0000 -3.2679
 0.0000 -1.6000 -3.2679
 0.0000 -1.2000 -3.2679
 0.0000 -0.8000 -3.2679
 0.0000 -0.4000 -3.2679
 0.0000 0.0000 -3.2679
 0.0000 0.4000 -3.2679
 0.0000 0.8000 -3.2679
 0.0000 1.2000 -3.2679
 0.0000 1.6000 -3.2679
 0.0000 2.0000 -3.2679
 0.0000 2.4000 -3.2679
 0.0000 2.8000 -3.2679
 0.0000 3.2000 -3.2679
 0.0000 3.6000 -3.2679
 0.0000 4.0000 -3.2679
 0.0000 4.4000 -3.2679
 0.0000 4.8000 -3.2679
 0.0000 -5.0000 -2.9215
 0.0000 -4.6000 -2.9215
 0.0000 -4.2000 -2.9215
 0.0000 -3.8000 -2.9215
 0.0000 -3.4000 -2.9215
 0.0000 -3.0000 -2.9215
 0.0000 -2.6000 -2.9215
 0.0000 -2.2000 -2.9215
 0.0000 -1.8000 -2.9215
 0.0000 -1.4000 -2.9215
 0.0000 -1.0000 -2.9215
 0.0000 -0.6000 -2.9215
 0.0000 -0.2000 -2.9215
 0.0000 0.2000 -2.9215
 0.0000 0.6000 -2.9215
 0.0000 1.0000 -2.9215
 0.0000 1.4000 -2.9215
 0.0000 1.8000 -2.9215
 0.0000 2.2000 -2.9215
 0.0000 2.6000 -2.9215
 0.0000 3.0000 -2.9215
 0.0000 3.4000 -2.9215
 0.0000 3.8000 -2.9215
 0.0000 4.2000 -2.9215
 0.0000 4.6000 -2.9215
 0.0000 -4.8000 -2.5751
 0.0000 -4.4000 -2.5751
 0.0000 -4.0000 -2.5751
 0.0000 -3.6000 -2.5751
 0.0000 -3.2000 -2.5751
 0.0000 -2.8000 -2.5751
 0.0000 -2.4000 -2.5751
 0.0000 -2.0000 -2.5751
 0.0000 -1.6000 -2.5751
 0.0000 -1.2000 -2.5751
 0.0000 -0.8000 -2.5751
 0.0000 -0.4000 -2.5751
 0.0000 0.0000 -2.5751
 0.0000 0.4000 -2.5751
 0.0000 0.8000 -2.5751
 0.0000 1.2000 -2.5751
 0.0000 1.6000 -2.5751
 0.0000 2.0000 -2.5751
 0.0000 2.4000 -2.5751
 0.0000 2.8000 -2.5751
 0.0000 3.2000 -2.5751
 0.0000 3.6000 -2.5751
 0.0000 4.0000 -2.5751
 0.0000 4.4000 -2.5751
 0.0000 4.8000 -2.5751
 0.0000 -5.0000 -2.2287
 0.0000 -4.6000 -2.2287
 0.0000 -4.2000 -2.2287
 0.0000 -3.8000 -2.2287
 0.0000 -3.4000 -2.2287
 0.0000 -3.0000 -2.2287
 0.0000 -2.6000 -2.2287
 0.0000 -2.2000 -2.2287
 0.0000 -1.8000 -2.2287
 0.0000 -1.4000 -2.2287
 0.0000 -1.0000 -2.2287
 0.0000 -0.6000 -2.2287
 0.0000 -0.2000 -2.2287
 0.0000 0.2000 -2.2287
 0.0000 0.6000 -2.2287
 0.0000 1.0000 -2.2287
 0.0000 1.4000 -2.2287
 0.0000 1.8000 -2.2287
 0.0000 2.2000 -2.2287
 0.0000 2.6000 -2.2287
 0.0000 3.0000 -2.2287
 0.0000 3.4000 -2.2287
 0.0000 3.8000 -2.2287
 0.0000 4.2000 -2.2287
 0.0000 4.6000 -2.2287
 0.0000 -4.8000 -1.8823
 0.0000 -4.4000 -1.8823
 0.0000 -4.0000 -1.8823
 0.0000 -3.6000 -1.8823
 0.0000 -3.2000 -1.8823
 0.0000 -2.8000 -1.8823
 0.0000 -2.4000 -1.8823
 0.0000 -2.0000 -1.8823
 0.0000 -1.6000 -1.8823
 0.0000 -1.2000 -1.8823
 0.0000 -0.8000 -1.8823
 0.0000 0.8000 -1.8823
 0.0000 1.2000 -1.8823
 0.0000 1.6000 -1.8823
 0.0000 2.0000 -1.8823
 0.0000 2.4000 -1.8823
 0.0000 2.8000 -1.8823
 0.0000 3.2000 -1.8823
 0.0000 3.6000 -1.8823
 0.0000 4.0000 -1.8823
 0.0000 4.4000 -1.8823
 0.0000 4.8000 -1.8823
 0.0000 -5.0000 -1.5359
 0.0000 -4.6000 -1.5359
 0.0000 -4.2000 -1.5359
 0.0000 -3.8000 -1.5359
 0.0000 -3.4000 -1.5359
 0.0000 -3.0000 -1.5359
 0.0000 -2.6000 -1.5359
 0.0000 -2.2000 -1.5359
 0.0000 -1.8000 -1.5359
 0.0000 -1.4000 -1.5359
 0.0000 1.4000 -1.5359
 0.0000 1.8000 -1.5359
 0.0000 2.2000 -1.5359
 0.0000 2.6000 -1.5359
 0.0000 3.0000 -1.5359
 0.0000 3.4000 -1.5359
 0.0000 3.8000 -1.5359
 0.0000 4.2000 -1.5359
 0.0000 4.6000 -1.5359
 0.0000 -4.8000 -1.1895
 0.0000 -4.4000 -1.1895
 0.0000 -4.0000 -1.1895
 0.0000 -3.6000 -1.1895
 0.0000 -3.2000 -1.1895
 0.0000 -2.8000 -1.1895
 0.0000 -2.4000 -1.1895
 0.0000 -2.0000 -1.1895
 0.0000 2.0000 -1.1895
 0.0000 2.4000 -1.1895
 0.0000 2.8000 -1.1895
 0.0000 3.2000 -1.1895
 0.0000 3.6000 -1.1895
 0.0000 4.0000 -1.1895
 0.0000 4.4000 -1.1895
 0.0000 4.8000 -1.1895
 0.0000 -5.0000 -0.8431
 0.0000 -4.6000 -0.8431
 0.0000 -4.2000 -0.8431
 0.0000 -3.8000 -0.8431
 0.0000 -3.4000 -0.8431
 0.0000 -3.0000 -0.8431
 0.0000 -2.6000 -0.8431
 0.0000 -2.2000 -0.8431
 0.0000 2.2000 -0.8431
 0.0000 2.6000 -0.8431
 0.0000 3.0000 -0.8431
 0.0000 3.4000 -0.8431
 0.0000 3.8000 -0.8431
 0.0000 4.2000 -0.8431
 0.0000 4.6000 -0.8431
 0.0000 -4.8000 -0.4967
 0.0000 -4.4000 -0.4967
 0.0000 -4.0000 -0.4967
 0.0000 -3.6000 -0.4967
 0.0000 -3.2000 -0.4967
 0.0000 -2.8000 -0.4967
 0.0000 -2.4000 -0.4967
 0.0000 -2.0000 -0.4967
 0.0000 2.0000 -0.4967
 0.0000 2.4000 -0.4967
 0.0000 2.8000 -0.4967
 0.0000 3.2000 -0.4967
 0.0000 3.6000 -0.4967
 0.0000 4.0000 -0.4967
 0.0000 4.4000 -0.4967
 0.0000 4.8000 -0.4967
 0.0000 -5.0000 -0.1503
 0.0000 -4.6000 -0.1503
 0.0000 -4.2000 -0.1503
 0.0000 -3.8000 -0.1503
 0.0000 -3.4000 -0.1503
 0.0000 -3.0000 -0.1503
 0.0000 -2.6000 -0.1503
 0.0000 -2.2000 -0.1503
 0.0000 2.2000 -0.1503
 0.0000 2.6000 -0.1503
 0.0000 3.0000 -0.1503
 0.0000 3.4000 -0.1503
 0.0000 3.8000 -0.1503
 0.0000 4.2000 -0.1503
 0.0000 4.6000 -0.1503
 0.0000 -4.8000 0.1962
 0.0000 -4.4000 0.1962
 0.0000 -4.0000 0.1962
 0.0000 -3.6000 0.1962
 0.0000 -3.2000 0.1962
 0.0000 -2.8000 0.1962
 0.0000 -2.4000 0.1962
 0.0000 -2.0000 0.1962
 0.0000 2.0000 0.1962
 0.0000 2.4000 0.1962
 0.0000 2.8000 0.1962
 0.0000 3.2000 0.1962
 0.0000 3.6000 0.1962
 0.0000 4.0000 0.1962
 0.0000 4.4000 0.1962
 0.0000 4.8000 0.1962
 0.0000 -5.0000 0.5426
 0.0000 -4.6000 0.5426
 0.0000 -4.2000 0.5426
 0.0000 -3.8000 0.5426
 0.0000 -3.4000 0.5426
 0.0000 -3.0000 0.5426
 0.0000 -2.6000 0.5426
 0.0000 -2.2000 0.5426
 0.0000 2.2000 0.5426
 0.0000 2.6000 0.5426
 0.0000 3.0000 0.5426
 0.0000 3.4000 0.5426
 0.0000 3.8000 0.5426
 0.0000 4.2000 0.5426
 0.0000 4.6000 0.5426
 0.0000 -4.8000 0.8890
 0.0000 -4.4000 0.8890
 0.0000 -4.0000 0.8890
 0.0000 -3.6000 0.8890
 0.0000 -3.2000 0.8890
 0.0000 -2.8000 0.8890
 0.0000 -2.4000 0.8890
 0.0000 -2.0000 0.8890
 0.0000 2.0000 0.8890
 0.0000 2.4000 0.8890
 0.0000 2.8000 0.8890
 0.0000 3.2000 0.8890
 0.0000 3.6000 0.8890
 0.0000 4.0000 0.8890
 0.0000 4.4000 0.8890
 0.0000 4.8000 0.8890
 0.0000 -5.0000 1.2354
 0.0000 -4.6000 1.2354
 0.0000 -4.2000 1.2354
 0.0000 -3.8000 1.2354
 0.0000 -3.4000 1.2354
 0.0000 -3.0000 1.2354
 0.0000 -2.6000 1.2354
 0.0000 -2.2000 1.2354
 0.0000 -1.8000 1.2354
 0.0000 1.8000 1.2354
 0.0000 2.2000 1.2354
 0.0000 2.6000 1.2354
 0.0000 3.0000 1.2354
 0.0000 3.4000 1.2354
 0.0000 3.8000 1.2354
 0.0000 4.2000 1.2354
 0.0000 4.6000 1.2354
 0.0000 -4.8000 1.5818
 0.0000 -4.4000 1.5818
 0.0000 -4.0000 1.5818
 0.0000 -3.6000 1.5818
 0.0000 -3.2000 1.5818
 0.0000 -2.8000 1.5818
 0.0000 -2.4000 1.5818
 0.0000 -2.0000 1.5818
 0.0000 -1.6000 1.5818
 0.0000 1.6000 1.5818
 0.0000 2.0000 1.5818
 0.0000 2.4000 1.5818
 0.0000 2.8000 1.5818
 0.0000 3.2000 1.5818
 0.0000 3.6000 1.5818
 0.0000 4.0000 1.5818
 0.0000 4.4000 1.5818
 0.0000 4.8000 1.5818
 0.0000 -5.0000 1.9282
 0.0000 -4.6000 1.9282
 0.0000 -4.2000 1.9282
 0.0000 -3.8000 1.9282
 0.0000 -3.4000 1.9282
 0.0000 -3.0000 1.9282
 0.0000 -2.6000 1.9282
 0.0000 -2.2000 1.9282
 0.0000 -1.8000 1.9282
 0.0000 -1.4000 1.9282
 0.0000 -1.0000 1.9282
 0.0000 -0.6000 1.9282
 0.0000 0.6000 1.9282
 0.0000 1.0000 1.9282
 0.0000 1.4000 1.9282
 0.0000 1.8000 1.9282
 0.0000 2.2000 1.9282
 0.0000 2.6000 1.9282
 0.0000 3.0000 1.9282
 0.0000 3.4000 1.9282
 0.0000 3.8000 1.9282
 0.0000 4.2000 1.9282
 0.0000 4.6000 1.9282
 0.0000 -4.8000 2.2746
 0.0000 -4.4000 2.2746
 0.0000 -4.0000 2.2746
 0.0000 -3.6000 2.2746
 0.0000 -3.2000 2.2746
 0.0000 -2.8000 2.2746
 0.0000 -2.4000 2.2746
 0.0000 -2.0000 2.2746
 0.0000 -1.6000 2.2746
 0.0000 -1.2000 2.2746
 0.0000 -0.8000 2.2746
 0.0000 -0.4000 2.2746
 0.0000 0.0000 2.2746
 0.0000 0.4000 2.2746
 0.0000 0.8000 2.2746
 0.0000 1.2000 2.2746
 0.0000 1.6000 2.2746
 0.0000 2.0000 2.2746
 0.0000 2.4000 2.2746
 0.0000 2.8000 2.2746
 0.0000 3.2000 2.2746
 0.0000 3.6000 2.2746
 0.0000 4.0000 2.2746
 0.0000 4.4000 2.2746
 0.0000 4.8000 2.2746
 0.0000 -5.0000 2.6210
 0.0000 -4.6000 2.6210
 0.0000 -4.2000 2.6210
 0.0000 -3.8000 2.6210
 0.0000 -3.4000 2.6210
 0.0000 -3.0000 2.6210
 0.0000 -2.6000 2.6210
 0.0000 -2.2000 2.6210
 0.0000 -1.8000 2.6210
 0.0000 -1.4000 2.6210
 0.0000 -1.0000 2.6210
 0.0000 -0.6000 2.6210
 0.0000 -0.2000 2.6210
 0.0000 0.2000 2.6210
 0.0000 0.6000 2.6210
 0.0000 1.0000 2.6210
 0.0000 1.4000 2.6210
 0.0000 1.8000 2.6210
 0.0000 2.2000 2.6210
 0.0000 2.6000 2.6210
 0.0000 3.0000 2.6210
 0.0000 3.4000 2.6210
 0.0000 3.8000 2.6210
 0.0000 4.2000 2.6210
 0.0000 4.6000 2.6210
 0.0000 -4.8000 2.9674
 0.0000 -4.4000 2.9674
 0.0000 -4.0000 2.9674
 0.0000 -3.6000 2.9674
 0.0000 -3.2000 2.9674
 0.0000 -2.8000 2.9674
 0.0000 -2.4000 2.9674
 0.0000 -2.0000 2.9674
 0.0000 -1.6000 2.9674
 0.0000 -1.2000 2.9674
 0.0000 -0.8000 2.9674
 0.0000 -0.4000 2.9674
 0.0000 0.0000 2.9674
 0.0000 0.4000 2.9674
 0.0000 0.8000 2.9674
 0.0000 1.2000 2.9674
 0.0000 1.6000 2.9674
 0.0000 2.0000 2.9674
 0.0000 2.4000 2.9674
 0.0000 2.8000 2.9674
 0.0000 3.2000 2.9674
 0.0000 3.6000 2.9674
 0.0000 4.0000 2.9674
 0.0000 4.4000 2.9674
 0.0000 4.8000 2.9674
 0.0000 -5.0000 3.3138
 0.0000 -4.6000 3.3138
 0.0000 -4.2000 3.3138
 0.0000 -3.8000 3.3138
 0.0000 -3.4000 3.3138
 0.0000 -3.0000 3.3138
 0.0000 -2.6000 3.3138
 0.0000 -2.2000 3.3138
 0.0000 -1.8000 3.3138
 0.0000 -1.4000 3.3138
 0.0000 -1.0000 3.3138
 0.0000 -0.6000 3.3138
 0.0000 -0.2000 3.3138
 0.0000 0.2000 3.3138
 0.0000 0.6000 3.3138
 0.0000 1.0000 3.3138
 0.0000 1.4000 3.3138
 0.0000 1.8000 3.3138
 0.0000 2.2000 3.3138
 0.0000 2.6000 3.3138
 0.0000 3.0000 3.3138
 0.0000 3.4000 3.3138
 0.0000 3.8000 3.3138
 0.0000 4.2000 3.3138
 0.0000 4.6000 3.3138
 0.0000 -4.8000 3.6603
 0.0000 -4.4000 3.6603
 0.0000 -4.0000 3.6603
 0.0000 -3.6000 3.6603
 0.0000 -3.2000 3.6603
 0.0000 -2.8000 3.6603
 0.0000 -2.4000 3.6603
 0.0000 -2.0000 3.6603
 0.0000 -1.6000 3.6603
 0.0000 -1.2000 3.6603
 0.0000 -0.8000 3.6603
 0.0000 -0.4000 3.6603
 0.0000 0.0000 3.6603
 0.0000 0.4000 3.6603
 0.0000 0.8000 3.6603
 0.0000 1.2000 3.6603
 0.0000 1.6000 3.6603
 0.0000 2.0000 3.6603
 0.0000 2.4000 3.6603
 0.0000 2.8000 3.6603
 0.0000 3.2000 3.6603
 0.0000 3.6000 3.6603
 0.0000 4.0000 3.6603
 0.0000 4.4000 3.6603
 0.0000 4.8000 3.6603
 0.0000 -5.0000 4.0067
 0.0000 -4.6000 4.0067
 0.0000 -4.2000 4.0067
 0.0000 -3.8000 4.0067
 0.0000 -3.4000 4.0067
 0.0000 -3.0000 4.0067
 0.0000 -2.6000 4.0067
 0.0000 -2.2000 4.0067
 0.0000 -1.8000 4.0067
 0.0000 -1.4000 4.0067
 0.0000 -1.0000 4.0067
 0.0000 -0.6000 4.0067
 0.0000 -0.2000 4.0067
 0.0000 0.2000 4.0067
 0.0000 0.6000 4.0067
 0.0000 1.0000 4.0067
 0.0000 1.4000 4.0067
 0.0000 1.8000 4.0067
 0.0000 2.2000 4.0067
 0.0000 2.6000 4.0067
 0.0000 3.0000 4.0067
 0.0000 3.4000 4.0067
 0.0000 3.8000 4.0067
 0.0000 4.2000 4.0067
 0.0000 4.6000 4.0067
 0.0000 -4.8000 4.3531
 0.0000 -4.4000 4.3531
 0.0000 -4.0000 4.3531
 0.0000 -3.6000 4.3531
 0.0000 -3.2000 4.3531
 0.0000 -2.8000 4.3531
 0.0000 -2.4000 4.3531
 0.0000 -2.0000 4.3531
 0.0000 -1.6000 4.3531
 0.0000 -1.2000 4.3531
 0.0000 -0.8000 4.3531
 0.0000 -0.4000 4.3531
 0.0000 0.0000 4.3531
 0.0000 0.4000 4.3531
 0.0000 0.8000 4.3531
 0.0000 1.2000 4.3531
 0.0000 1.6000 4.3531
 0.0000 2.0000 4.3531
 0.0000 2.4000 4.3531
 0.0000 2.8000 4.3531
 0.0000 3.2000 4.3531
 0.0000 3.6000 4.3531
 0.0000 4.0000 4.3531
 0.0000 4.4000 4.3531
 0.0000 4.8000 4.3531

Types

