0.000000000000000000e+00 0.000000000000000000e+00 0.000000000000000000e+00
3.991999999999999715e-02 0.000000000000000000e+00 0.000000000000000000e+00
7.983999999999999431e-02 0.000000000000000000e+00 0.000000000000000000e+00
1.197599999999999915e-01 0.000000000000000000e+00 0.000000000000000000e+00
1.596799999999999886e-01 0.000000000000000000e+00 0.000000000000000000e+00
1.995999999999999996e-01 0.000000000000000000e+00 0.000000000000000000e+00
2.395199999999999829e-01 0.000000000000000000e+00 0.000000000000000000e+00
2.794399999999999662e-01 0.000000000000000000e+00 0.000000000000000000e+00
3.193599999999999772e-01 0.000000000000000000e+00 0.000000000000000000e+00
3.592799999999999883e-01 0.000000000000000000e+00 0.000000000000000000e+00
3.991999999999999993e-01 0.000000000000000000e+00 0.000000000000000000e+00
4.391199999999999548e-01 0.000000000000000000e+00 0.000000000000000000e+00
4.790399999999999658e-01 0.000000000000000000e+00 0.000000000000000000e+00
5.189599999999999769e-01 0.000000000000000000e+00 0.000000000000000000e+00
5.588799999999999324e-01 0.000000000000000000e+00 0.000000000000000000e+00
5.987999999999999989e-01 0.000000000000000000e+00 0.000000000000000000e+00
6.387199999999999545e-01 0.000000000000000000e+00 0.000000000000000000e+00
6.786399999999999100e-01 0.000000000000000000e+00 0.000000000000000000e+00
7.185599999999999765e-01 0.000000000000000000e+00 0.000000000000000000e+00
7.584799999999999320e-01 0.000000000000000000e+00 0.000000000000000000e+00
7.983999999999999986e-01 0.000000000000000000e+00 0.000000000000000000e+00
8.383199999999999541e-01 0.000000000000000000e+00 0.000000000000000000e+00
8.782399999999999096e-01 0.000000000000000000e+00 0.000000000000000000e+00
9.181599999999999762e-01 0.000000000000000000e+00 0.000000000000000000e+00
9.580799999999999317e-01 0.000000000000000000e+00 0.000000000000000000e+00
9.979999999999998872e-01 0.000000000000000000e+00 0.000000000000000000e+00
1.037919999999999954e+00 0.000000000000000000e+00 0.000000000000000000e+00
1.077839999999999909e+00 0.000000000000000000e+00 0.000000000000000000e+00
1.117759999999999865e+00 0.000000000000000000e+00 0.000000000000000000e+00
1.157679999999999820e+00 0.000000000000000000e+00 0.000000000000000000e+00
1.197599999999999998e+00 0.000000000000000000e+00 0.000000000000000000e+00
1.237519999999999953e+00 0.000000000000000000e+00 0.000000000000000000e+00
1.277439999999999909e+00 0.000000000000000000e+00 0.000000000000000000e+00
1.317359999999999864e+00 0.000000000000000000e+00 0.000000000000000000e+00
1.357279999999999820e+00 0.000000000000000000e+00 0.000000000000000000e+00
1.397199999999999998e+00 0.000000000000000000e+00 0.000000000000000000e+00
1.437119999999999953e+00 0.000000000000000000e+00 0.000000000000000000e+00
1.477039999999999909e+00 0.000000000000000000e+00 0.000000000000000000e+00
1.516959999999999864e+00 0.000000000000000000e+00 0.000000000000000000e+00
1.556879999999999820e+00 0.000000000000000000e+00 0.000000000000000000e+00
1.596799999999999997e+00 0.000000000000000000e+00 0.000000000000000000e+00
1.636719999999999953e+00 0.000000000000000000e+00 0.000000000000000000e+00
1.676639999999999908e+00 0.000000000000000000e+00 0.000000000000000000e+00
1.716559999999999864e+00 0.000000000000000000e+00 0.000000000000000000e+00
1.756479999999999819e+00 0.000000000000000000e+00 0.000000000000000000e+00
1.796399999999999775e+00 0.000000000000000000e+00 0.000000000000000000e+00
1.836319999999999952e+00 0.000000000000000000e+00 0.000000000000000000e+00
1.876239999999999908e+00 0.000000000000000000e+00 0.000000000000000000e+00
1.916159999999999863e+00 0.000000000000000000e+00 0.000000000000000000e+00
1.956079999999999819e+00 0.000000000000000000e+00 0.000000000000000000e+00
1.995999999999999774e+00 0.000000000000000000e+00 0.000000000000000000e+00
2.035919999999999952e+00 0.000000000000000000e+00 0.000000000000000000e+00
2.075839999999999907e+00 0.000000000000000000e+00 0.000000000000000000e+00
2.115759999999999863e+00 0.000000000000000000e+00 0.000000000000000000e+00
2.155679999999999819e+00 0.000000000000000000e+00 0.000000000000000000e+00
2.195599999999999774e+00 0.000000000000000000e+00 0.000000000000000000e+00
2.235519999999999730e+00 0.000000000000000000e+00 0.000000000000000000e+00
2.275439999999999685e+00 0.000000000000000000e+00 0.000000000000000000e+00
2.315359999999999641e+00 0.000000000000000000e+00 0.000000000000000000e+00
2.355280000000000040e+00 0.000000000000000000e+00 0.000000000000000000e+00
2.395199999999999996e+00 0.000000000000000000e+00 0.000000000000000000e+00
2.435119999999999951e+00 0.000000000000000000e+00 0.000000000000000000e+00
2.475039999999999907e+00 0.000000000000000000e+00 0.000000000000000000e+00
2.514959999999999862e+00 0.000000000000000000e+00 0.000000000000000000e+00
2.554879999999999818e+00 0.000000000000000000e+00 0.000000000000000000e+00
2.594799999999999773e+00 0.000000000000000000e+00 0.000000000000000000e+00
2.634719999999999729e+00 0.000000000000000000e+00 0.000000000000000000e+00
2.674639999999999684e+00 0.000000000000000000e+00 0.000000000000000000e+00
2.714559999999999640e+00 0.000000000000000000e+00 0.000000000000000000e+00
2.754479999999999595e+00 0.000000000000000000e+00 0.000000000000000000e+00
2.794399999999999995e+00 0.000000000000000000e+00 0.000000000000000000e+00
2.834319999999999951e+00 0.000000000000000000e+00 0.000000000000000000e+00
2.874239999999999906e+00 0.000000000000000000e+00 0.000000000000000000e+00
2.914159999999999862e+00 0.000000000000000000e+00 0.000000000000000000e+00
2.954079999999999817e+00 0.000000000000000000e+00 0.000000000000000000e+00
2.993999999999999773e+00 0.000000000000000000e+00 0.000000000000000000e+00
3.033919999999999728e+00 0.000000000000000000e+00 0.000000000000000000e+00
3.073839999999999684e+00 0.000000000000000000e+00 0.000000000000000000e+00
3.113759999999999639e+00 0.000000000000000000e+00 0.000000000000000000e+00
3.153679999999999595e+00 0.000000000000000000e+00 0.000000000000000000e+00
3.193599999999999994e+00 0.000000000000000000e+00 0.000000000000000000e+00
3.233519999999999950e+00 0.000000000000000000e+00 0.000000000000000000e+00
3.273439999999999905e+00 0.000000000000000000e+00 0.000000000000000000e+00
3.313359999999999861e+00 0.000000000000000000e+00 0.000000000000000000e+00
3.353279999999999816e+00 0.000000000000000000e+00 0.000000000000000000e+00
3.393199999999999772e+00 0.000000000000000000e+00 0.000000000000000000e+00
3.433119999999999727e+00 0.000000000000000000e+00 0.000000000000000000e+00
3.473039999999999683e+00 0.000000000000000000e+00 0.000000000000000000e+00
3.512959999999999638e+00 0.000000000000000000e+00 0.000000000000000000e+00
3.552879999999999594e+00 0.000000000000000000e+00 0.000000000000000000e+00
3.592799999999999550e+00 0.000000000000000000e+00 0.000000000000000000e+00
3.632719999999999949e+00 0.000000000000000000e+00 0.000000000000000000e+00
3.672639999999999905e+00 0.000000000000000000e+00 0.000000000000000000e+00
3.712559999999999860e+00 0.000000000000000000e+00 0.000000000000000000e+00
3.752479999999999816e+00 0.000000000000000000e+00 0.000000000000000000e+00
3.792399999999999771e+00 0.000000000000000000e+00 0.000000000000000000e+00
3.832319999999999727e+00 0.000000000000000000e+00 0.000000000000000000e+00
3.872239999999999682e+00 0.000000000000000000e+00 0.000000000000000000e+00
3.912159999999999638e+00 0.000000000000000000e+00 0.000000000000000000e+00
3.952079999999999593e+00 0.000000000000000000e+00 0.000000000000000000e+00
3.991999999999999549e+00 0.000000000000000000e+00 0.000000000000000000e+00
4.031919999999999504e+00 0.000000000000000000e+00 0.000000000000000000e+00
4.071839999999999904e+00 0.000000000000000000e+00 0.000000000000000000e+00
4.111759999999999415e+00 0.000000000000000000e+00 0.000000000000000000e+00
4.151679999999999815e+00 0.000000000000000000e+00 0.000000000000000000e+00
4.191599999999999326e+00 0.000000000000000000e+00 0.000000000000000000e+00
4.231519999999999726e+00 0.000000000000000000e+00 0.000000000000000000e+00
4.271440000000000126e+00 0.000000000000000000e+00 0.000000000000000000e+00
4.311359999999999637e+00 0.000000000000000000e+00 0.000000000000000000e+00
4.351280000000000037e+00 0.000000000000000000e+00 0.000000000000000000e+00
4.391199999999999548e+00 0.000000000000000000e+00 0.000000000000000000e+00
4.431119999999999948e+00 0.000000000000000000e+00 0.000000000000000000e+00
4.471039999999999459e+00 0.000000000000000000e+00 0.000000000000000000e+00
4.510959999999999859e+00 0.000000000000000000e+00 0.000000000000000000e+00
4.550879999999999370e+00 0.000000000000000000e+00 0.000000000000000000e+00
4.590799999999999770e+00 0.000000000000000000e+00 0.000000000000000000e+00
4.630719999999999281e+00 0.000000000000000000e+00 0.000000000000000000e+00
4.670639999999999681e+00 0.000000000000000000e+00 0.000000000000000000e+00
4.710560000000000080e+00 0.000000000000000000e+00 0.000000000000000000e+00
4.750479999999999592e+00 0.000000000000000000e+00 0.000000000000000000e+00
4.790399999999999991e+00 0.000000000000000000e+00 0.000000000000000000e+00
4.830319999999999503e+00 0.000000000000000000e+00 0.000000000000000000e+00
4.870239999999999903e+00 0.000000000000000000e+00 0.000000000000000000e+00
4.910159999999999414e+00 0.000000000000000000e+00 0.000000000000000000e+00
4.950079999999999814e+00 0.000000000000000000e+00 0.000000000000000000e+00
4.989999999999999325e+00 0.000000000000000000e+00 0.000000000000000000e+00
5.029919999999999725e+00 0.000000000000000000e+00 0.000000000000000000e+00
5.069839999999999236e+00 0.000000000000000000e+00 0.000000000000000000e+00
5.109759999999999636e+00 0.000000000000000000e+00 0.000000000000000000e+00
5.149680000000000035e+00 0.000000000000000000e+00 0.000000000000000000e+00
5.189599999999999547e+00 0.000000000000000000e+00 0.000000000000000000e+00
5.229519999999999946e+00 0.000000000000000000e+00 0.000000000000000000e+00
5.269439999999999458e+00 0.000000000000000000e+00 0.000000000000000000e+00
5.309359999999999857e+00 0.000000000000000000e+00 0.000000000000000000e+00
5.349279999999999369e+00 0.000000000000000000e+00 0.000000000000000000e+00
5.389199999999999768e+00 0.000000000000000000e+00 0.000000000000000000e+00
5.429119999999999280e+00 0.000000000000000000e+00 0.000000000000000000e+00
5.469039999999999679e+00 0.000000000000000000e+00 0.000000000000000000e+00
5.508959999999999191e+00 0.000000000000000000e+00 0.000000000000000000e+00
5.548879999999999590e+00 0.000000000000000000e+00 0.000000000000000000e+00
5.588799999999999990e+00 0.000000000000000000e+00 0.000000000000000000e+00
5.628719999999999501e+00 0.000000000000000000e+00 0.000000000000000000e+00
5.668639999999999901e+00 0.000000000000000000e+00 0.000000000000000000e+00
5.708559999999999413e+00 0.000000000000000000e+00 0.000000000000000000e+00
5.748479999999999812e+00 0.000000000000000000e+00 0.000000000000000000e+00
5.788399999999999324e+00 0.000000000000000000e+00 0.000000000000000000e+00
5.828319999999999723e+00 0.000000000000000000e+00 0.000000000000000000e+00
5.868239999999999235e+00 0.000000000000000000e+00 0.000000000000000000e+00
5.908159999999999634e+00 0.000000000000000000e+00 0.000000000000000000e+00
5.948079999999999146e+00 0.000000000000000000e+00 0.000000000000000000e+00
5.987999999999999545e+00 0.000000000000000000e+00 0.000000000000000000e+00
6.027919999999999945e+00 0.000000000000000000e+00 0.000000000000000000e+00
6.067839999999999456e+00 0.000000000000000000e+00 0.000000000000000000e+00
6.107759999999999856e+00 0.000000000000000000e+00 0.000000000000000000e+00
6.147679999999999367e+00 0.000000000000000000e+00 0.000000000000000000e+00
6.187599999999999767e+00 0.000000000000000000e+00 0.000000000000000000e+00
6.227519999999999278e+00 0.000000000000000000e+00 0.000000000000000000e+00
6.267439999999999678e+00 0.000000000000000000e+00 0.000000000000000000e+00
6.307359999999999189e+00 0.000000000000000000e+00 0.000000000000000000e+00
6.347279999999999589e+00 0.000000000000000000e+00 0.000000000000000000e+00
6.387199999999999989e+00 0.000000000000000000e+00 0.000000000000000000e+00
6.427119999999999500e+00 0.000000000000000000e+00 0.000000000000000000e+00
6.467039999999999900e+00 0.000000000000000000e+00 0.000000000000000000e+00
6.506959999999999411e+00 0.000000000000000000e+00 0.000000000000000000e+00
6.546879999999999811e+00 0.000000000000000000e+00 0.000000000000000000e+00
6.586799999999999322e+00 0.000000000000000000e+00 0.000000000000000000e+00
6.626719999999999722e+00 0.000000000000000000e+00 0.000000000000000000e+00
6.666639999999999233e+00 0.000000000000000000e+00 0.000000000000000000e+00
6.706559999999999633e+00 0.000000000000000000e+00 0.000000000000000000e+00
6.746479999999999144e+00 0.000000000000000000e+00 0.000000000000000000e+00
6.786399999999999544e+00 0.000000000000000000e+00 0.000000000000000000e+00
6.826319999999999943e+00 0.000000000000000000e+00 0.000000000000000000e+00
6.866239999999999455e+00 0.000000000000000000e+00 0.000000000000000000e+00
6.906159999999999854e+00 0.000000000000000000e+00 0.000000000000000000e+00
6.946079999999999366e+00 0.000000000000000000e+00 0.000000000000000000e+00
6.985999999999999766e+00 0.000000000000000000e+00 0.000000000000000000e+00
7.025919999999999277e+00 0.000000000000000000e+00 0.000000000000000000e+00
7.065839999999999677e+00 0.000000000000000000e+00 0.000000000000000000e+00
7.105759999999999188e+00 0.000000000000000000e+00 0.000000000000000000e+00
7.145679999999999588e+00 0.000000000000000000e+00 0.000000000000000000e+00
7.185599999999999099e+00 0.000000000000000000e+00 0.000000000000000000e+00
7.225519999999999499e+00 0.000000000000000000e+00 0.000000000000000000e+00
7.265439999999999898e+00 0.000000000000000000e+00 0.000000000000000000e+00
7.305359999999999410e+00 0.000000000000000000e+00 0.000000000000000000e+00
7.345279999999999809e+00 0.000000000000000000e+00 0.000000000000000000e+00
7.385199999999999321e+00 0.000000000000000000e+00 0.000000000000000000e+00
7.425119999999999720e+00 0.000000000000000000e+00 0.000000000000000000e+00
7.465039999999999232e+00 0.000000000000000000e+00 0.000000000000000000e+00
7.504959999999999631e+00 0.000000000000000000e+00 0.000000000000000000e+00
7.544879999999999143e+00 0.000000000000000000e+00 0.000000000000000000e+00
7.584799999999999542e+00 0.000000000000000000e+00 0.000000000000000000e+00
7.624719999999999054e+00 0.000000000000000000e+00 0.000000000000000000e+00
7.664639999999999453e+00 0.000000000000000000e+00 0.000000000000000000e+00
7.704559999999999853e+00 0.000000000000000000e+00 0.000000000000000000e+00
7.744479999999999364e+00 0.000000000000000000e+00 0.000000000000000000e+00
7.784399999999999764e+00 0.000000000000000000e+00 0.000000000000000000e+00
7.824319999999999276e+00 0.000000000000000000e+00 0.000000000000000000e+00
7.864239999999999675e+00 0.000000000000000000e+00 0.000000000000000000e+00
7.904159999999999187e+00 0.000000000000000000e+00 0.000000000000000000e+00
7.944079999999999586e+00 0.000000000000000000e+00 0.000000000000000000e+00
7.983999999999999098e+00 0.000000000000000000e+00 0.000000000000000000e+00
8.023919999999998609e+00 0.000000000000000000e+00 0.000000000000000000e+00
8.063839999999999009e+00 0.000000000000000000e+00 0.000000000000000000e+00
8.103759999999999408e+00 0.000000000000000000e+00 0.000000000000000000e+00
8.143679999999999808e+00 0.000000000000000000e+00 0.000000000000000000e+00
8.183600000000000207e+00 0.000000000000000000e+00 0.000000000000000000e+00
8.223519999999998831e+00 0.000000000000000000e+00 0.000000000000000000e+00
8.263439999999999230e+00 0.000000000000000000e+00 0.000000000000000000e+00
8.303359999999999630e+00 0.000000000000000000e+00 0.000000000000000000e+00
8.343280000000000030e+00 0.000000000000000000e+00 0.000000000000000000e+00
8.383199999999998653e+00 0.000000000000000000e+00 0.000000000000000000e+00
8.423119999999999052e+00 0.000000000000000000e+00 0.000000000000000000e+00
8.463039999999999452e+00 0.000000000000000000e+00 0.000000000000000000e+00
8.502959999999999852e+00 0.000000000000000000e+00 0.000000000000000000e+00
8.542880000000000251e+00 0.000000000000000000e+00 0.000000000000000000e+00
8.582799999999998875e+00 0.000000000000000000e+00 0.000000000000000000e+00
8.622719999999999274e+00 0.000000000000000000e+00 0.000000000000000000e+00
8.662639999999999674e+00 0.000000000000000000e+00 0.000000000000000000e+00
8.702560000000000073e+00 0.000000000000000000e+00 0.000000000000000000e+00
8.742479999999998697e+00 0.000000000000000000e+00 0.000000000000000000e+00
8.782399999999999096e+00 0.000000000000000000e+00 0.000000000000000000e+00
8.822319999999999496e+00 0.000000000000000000e+00 0.000000000000000000e+00
8.862239999999999895e+00 0.000000000000000000e+00 0.000000000000000000e+00
8.902159999999998519e+00 0.000000000000000000e+00 0.000000000000000000e+00
8.942079999999998918e+00 0.000000000000000000e+00 0.000000000000000000e+00
8.981999999999999318e+00 0.000000000000000000e+00 0.000000000000000000e+00
9.021919999999999717e+00 0.000000000000000000e+00 0.000000000000000000e+00
9.061840000000000117e+00 0.000000000000000000e+00 0.000000000000000000e+00
9.101759999999998740e+00 0.000000000000000000e+00 0.000000000000000000e+00
9.141679999999999140e+00 0.000000000000000000e+00 0.000000000000000000e+00
9.181599999999999540e+00 0.000000000000000000e+00 0.000000000000000000e+00
9.221519999999999939e+00 0.000000000000000000e+00 0.000000000000000000e+00
9.261439999999998562e+00 0.000000000000000000e+00 0.000000000000000000e+00
9.301359999999998962e+00 0.000000000000000000e+00 0.000000000000000000e+00
9.341279999999999362e+00 0.000000000000000000e+00 0.000000000000000000e+00
9.381199999999999761e+00 0.000000000000000000e+00 0.000000000000000000e+00
9.421120000000000161e+00 0.000000000000000000e+00 0.000000000000000000e+00
9.461039999999998784e+00 0.000000000000000000e+00 0.000000000000000000e+00
9.500959999999999184e+00 0.000000000000000000e+00 0.000000000000000000e+00
9.540879999999999583e+00 0.000000000000000000e+00 0.000000000000000000e+00
9.580799999999999983e+00 0.000000000000000000e+00 0.000000000000000000e+00
9.620719999999998606e+00 0.000000000000000000e+00 0.000000000000000000e+00
9.660639999999999006e+00 0.000000000000000000e+00 0.000000000000000000e+00
9.700559999999999405e+00 0.000000000000000000e+00 0.000000000000000000e+00
9.740479999999999805e+00 0.000000000000000000e+00 0.000000000000000000e+00
9.780399999999998428e+00 0.000000000000000000e+00 0.000000000000000000e+00
9.820319999999998828e+00 0.000000000000000000e+00 0.000000000000000000e+00
9.860239999999999227e+00 0.000000000000000000e+00 0.000000000000000000e+00
9.900159999999999627e+00 0.000000000000000000e+00 0.000000000000000000e+00
9.940080000000000027e+00 0.000000000000000000e+00 0.000000000000000000e+00
-9.979999999999998650e+00 0.000000000000000000e+00 0.000000000000000000e+00
-9.940080000000000027e+00 0.000000000000000000e+00 0.000000000000000000e+00
-9.900159999999999627e+00 0.000000000000000000e+00 0.000000000000000000e+00
-9.860239999999999227e+00 0.000000000000000000e+00 0.000000000000000000e+00
-9.820319999999998828e+00 0.000000000000000000e+00 0.000000000000000000e+00
-9.780399999999998428e+00 0.000000000000000000e+00 0.000000000000000000e+00
-9.740479999999999805e+00 0.000000000000000000e+00 0.000000000000000000e+00
-9.700559999999999405e+00 0.000000000000000000e+00 0.000000000000000000e+00
-9.660639999999999006e+00 0.000000000000000000e+00 0.000000000000000000e+00
-9.620719999999998606e+00 0.000000000000000000e+00 0.000000000000000000e+00
-9.580799999999999983e+00 0.000000000000000000e+00 0.000000000000000000e+00
-9.540879999999999583e+00 0.000000000000000000e+00 0.000000000000000000e+00
-9.500959999999999184e+00 0.000000000000000000e+00 0.000000000000000000e+00
-9.461039999999998784e+00 0.000000000000000000e+00 0.000000000000000000e+00
-9.421120000000000161e+00 0.000000000000000000e+00 0.000000000000000000e+00
-9.381199999999999761e+00 0.000000000000000000e+00 0.000000000000000000e+00
-9.341279999999999362e+00 0.000000000000000000e+00 0.000000000000000000e+00
-9.301359999999998962e+00 0.000000000000000000e+00 0.000000000000000000e+00
-9.261439999999998562e+00 0.000000000000000000e+00 0.000000000000000000e+00
-9.221519999999999939e+00 0.000000000000000000e+00 0.000000000000000000e+00
-9.181599999999999540e+00 0.000000000000000000e+00 0.000000000000000000e+00
-9.141679999999999140e+00 0.000000000000000000e+00 0.000000000000000000e+00
-9.101759999999998740e+00 0.000000000000000000e+00 0.000000000000000000e+00
-9.061840000000000117e+00 0.000000000000000000e+00 0.000000000000000000e+00
-9.021919999999999717e+00 0.000000000000000000e+00 0.000000000000000000e+00
-8.981999999999999318e+00 0.000000000000000000e+00 0.000000000000000000e+00
-8.942079999999998918e+00 0.000000000000000000e+00 0.000000000000000000e+00
-8.902159999999998519e+00 0.000000000000000000e+00 0.000000000000000000e+00
-8.862239999999999895e+00 0.000000000000000000e+00 0.000000000000000000e+00
-8.822319999999999496e+00 0.000000000000000000e+00 0.000000000000000000e+00
-8.782399999999999096e+00 0.000000000000000000e+00 0.000000000000000000e+00
-8.742479999999998697e+00 0.000000000000000000e+00 0.000000000000000000e+00
-8.702560000000000073e+00 0.000000000000000000e+00 0.000000000000000000e+00
-8.662639999999999674e+00 0.000000000000000000e+00 0.000000000000000000e+00
-8.622719999999999274e+00 0.000000000000000000e+00 0.000000000000000000e+00
-8.582799999999998875e+00 0.000000000000000000e+00 0.000000000000000000e+00
-8.542880000000000251e+00 0.000000000000000000e+00 0.000000000000000000e+00
-8.502959999999999852e+00 0.000000000000000000e+00 0.000000000000000000e+00
-8.463039999999999452e+00 0.000000000000000000e+00 0.000000000000000000e+00
-8.423119999999999052e+00 0.000000000000000000e+00 0.000000000000000000e+00
-8.383199999999998653e+00 0.000000000000000000e+00 0.000000000000000000e+00
-8.343280000000000030e+00 0.000000000000000000e+00 0.000000000000000000e+00
-8.303359999999999630e+00 0.000000000000000000e+00 0.000000000000000000e+00
-8.263439999999999230e+00 0.000000000000000000e+00 0.000000000000000000e+00
-8.223519999999998831e+00 0.000000000000000000e+00 0.000000000000000000e+00
-8.183600000000000207e+00 0.000000000000000000e+00 0.000000000000000000e+00
-8.143679999999999808e+00 0.000000000000000000e+00 0.000000000000000000e+00
-8.103759999999999408e+00 0.000000000000000000e+00 0.000000000000000000e+00
-8.063839999999999009e+00 0.000000000000000000e+00 0.000000000000000000e+00
-8.023919999999998609e+00 0.000000000000000000e+00 0.000000000000000000e+00
-7.983999999999999098e+00 0.000000000000000000e+00 0.000000000000000000e+00
-7.944079999999999586e+00 0.000000000000000000e+00 0.000000000000000000e+00
-7.904159999999999187e+00 0.000000000000000000e+00 0.000000000000000000e+00
-7.864239999999999675e+00 0.000000000000000000e+00 0.000000000000000000e+00
-7.824319999999999276e+00 0.000000000000000000e+00 0.000000000000000000e+00
-7.784399999999999764e+00 0.000000000000000000e+00 0.000000000000000000e+00
-7.744479999999999364e+00 0.000000000000000000e+00 0.000000000000000000e+00
-7.704559999999999853e+00 0.000000000000000000e+00 0.000000000000000000e+00
-7.664639999999999453e+00 0.000000000000000000e+00 0.000000000000000000e+00
-7.624719999999999054e+00 0.000000000000000000e+00 0.000000000000000000e+00
-7.584799999999999542e+00 0.000000000000000000e+00 0.000000000000000000e+00
-7.544879999999999143e+00 0.000000000000000000e+00 0.000000000000000000e+00
-7.504959999999999631e+00 0.000000000000000000e+00 0.000000000000000000e+00
-7.465039999999999232e+00 0.000000000000000000e+00 0.000000000000000000e+00
-7.425119999999999720e+00 0.000000000000000000e+00 0.000000000000000000e+00
-7.385199999999999321e+00 0.000000000000000000e+00 0.000000000000000000e+00
-7.345279999999999809e+00 0.000000000000000000e+00 0.000000000000000000e+00
-7.305359999999999410e+00 0.000000000000000000e+00 0.000000000000000000e+00
-7.265439999999999898e+00 0.000000000000000000e+00 0.000000000000000000e+00
-7.225519999999999499e+00 0.000000000000000000e+00 0.000000000000000000e+00
-7.185599999999999099e+00 0.000000000000000000e+00 0.000000000000000000e+00
-7.145679999999999588e+00 0.000000000000000000e+00 0.000000000000000000e+00
-7.105759999999999188e+00 0.000000000000000000e+00 0.000000000000000000e+00
-7.065839999999999677e+00 0.000000000000000000e+00 0.000000000000000000e+00
-7.025919999999999277e+00 0.000000000000000000e+00 0.000000000000000000e+00
-6.985999999999999766e+00 0.000000000000000000e+00 0.000000000000000000e+00
-6.946079999999999366e+00 0.000000000000000000e+00 0.000000000000000000e+00
-6.906159999999999854e+00 0.000000000000000000e+00 0.000000000000000000e+00
-6.866239999999999455e+00 0.000000000000000000e+00 0.000000000000000000e+00
-6.826319999999999943e+00 0.000000000000000000e+00 0.000000000000000000e+00
-6.786399999999999544e+00 0.000000000000000000e+00 0.000000000000000000e+00
-6.746479999999999144e+00 0.000000000000000000e+00 0.000000000000000000e+00
-6.706559999999999633e+00 0.000000000000000000e+00 0.000000000000000000e+00
-6.666639999999999233e+00 0.000000000000000000e+00 0.000000000000000000e+00
-6.626719999999999722e+00 0.000000000000000000e+00 0.000000000000000000e+00
-6.586799999999999322e+00 0.000000000000000000e+00 0.000000000000000000e+00
-6.546879999999999811e+00 0.000000000000000000e+00 0.000000000000000000e+00
-6.506959999999999411e+00 0.000000000000000000e+00 0.000000000000000000e+00
-6.467039999999999900e+00 0.000000000000000000e+00 0.000000000000000000e+00
-6.427119999999999500e+00 0.000000000000000000e+00 0.000000000000000000e+00
-6.387199999999999989e+00 0.000000000000000000e+00 0.000000000000000000e+00
-6.347279999999999589e+00 0.000000000000000000e+00 0.000000000000000000e+00
-6.307359999999999189e+00 0.000000000000000000e+00 0.000000000000000000e+00
-6.267439999999999678e+00 0.000000000000000000e+00 0.000000000000000000e+00
-6.227519999999999278e+00 0.000000000000000000e+00 0.000000000000000000e+00
-6.187599999999999767e+00 0.000000000000000000e+00 0.000000000000000000e+00
-6.147679999999999367e+00 0.000000000000000000e+00 0.000000000000000000e+00
-6.107759999999999856e+00 0.000000000000000000e+00 0.000000000000000000e+00
-6.067839999999999456e+00 0.000000000000000000e+00 0.000000000000000000e+00
-6.027919999999999945e+00 0.000000000000000000e+00 0.000000000000000000e+00
-5.987999999999999545e+00 0.000000000000000000e+00 0.000000000000000000e+00
-5.948079999999999146e+00 0.000000000000000000e+00 0.000000000000000000e+00
-5.908159999999999634e+00 0.000000000000000000e+00 0.000000000000000000e+00
-5.868239999999999235e+00 0.000000000000000000e+00 0.000000000000000000e+00
-5.828319999999999723e+00 0.000000000000000000e+00 0.000000000000000000e+00
-5.788399999999999324e+00 0.000000000000000000e+00 0.000000000000000000e+00
-5.748479999999999812e+00 0.000000000000000000e+00 0.000000000000000000e+00
-5.708559999999999413e+00 0.000000000000000000e+00 0.000000000000000000e+00
-5.668639999999999901e+00 0.000000000000000000e+00 0.000000000000000000e+00
-5.628719999999999501e+00 0.000000000000000000e+00 0.000000000000000000e+00
-5.588799999999999990e+00 0.000000000000000000e+00 0.000000000000000000e+00
-5.548879999999999590e+00 0.000000000000000000e+00 0.000000000000000000e+00
-5.508959999999999191e+00 0.000000000000000000e+00 0.000000000000000000e+00
-5.469039999999999679e+00 0.000000000000000000e+00 0.000000000000000000e+00
-5.429119999999999280e+00 0.000000000000000000e+00 0.000000000000000000e+00
-5.389199999999999768e+00 0.000000000000000000e+00 0.000000000000000000e+00
-5.349279999999999369e+00 0.000000000000000000e+00 0.000000000000000000e+00
-5.309359999999999857e+00 0.000000000000000000e+00 0.000000000000000000e+00
-5.269439999999999458e+00 0.000000000000000000e+00 0.000000000000000000e+00
-5.229519999999999946e+00 0.000000000000000000e+00 0.000000000000000000e+00
-5.189599999999999547e+00 0.000000000000000000e+00 0.000000000000000000e+00
-5.149680000000000035e+00 0.000000000000000000e+00 0.000000000000000000e+00
-5.109759999999999636e+00 0.000000000000000000e+00 0.000000000000000000e+00
-5.069839999999999236e+00 0.000000000000000000e+00 0.000000000000000000e+00
-5.029919999999999725e+00 0.000000000000000000e+00 0.000000000000000000e+00
-4.989999999999999325e+00 0.000000000000000000e+00 0.000000000000000000e+00
-4.950079999999999814e+00 0.000000000000000000e+00 0.000000000000000000e+00
-4.910159999999999414e+00 0.000000000000000000e+00 0.000000000000000000e+00
-4.870239999999999903e+00 0.000000000000000000e+00 0.000000000000000000e+00
-4.830319999999999503e+00 0.000000000000000000e+00 0.000000000000000000e+00
-4.790399999999999991e+00 0.000000000000000000e+00 0.000000000000000000e+00
-4.750479999999999592e+00 0.000000000000000000e+00 0.000000000000000000e+00
-4.710560000000000080e+00 0.000000000000000000e+00 0.000000000000000000e+00
-4.670639999999999681e+00 0.000000000000000000e+00 0.000000000000000000e+00
-4.630719999999999281e+00 0.000000000000000000e+00 0.000000000000000000e+00
-4.590799999999999770e+00 0.000000000000000000e+00 0.000000000000000000e+00
-4.550879999999999370e+00 0.000000000000000000e+00 0.000000000000000000e+00
-4.510959999999999859e+00 0.000000000000000000e+00 0.000000000000000000e+00
-4.471039999999999459e+00 0.000000000000000000e+00 0.000000000000000000e+00
-4.431119999999999948e+00 0.000000000000000000e+00 0.000000000000000000e+00
-4.391199999999999548e+00 0.000000000000000000e+00 0.000000000000000000e+00
-4.351280000000000037e+00 0.000000000000000000e+00 0.000000000000000000e+00
-4.311359999999999637e+00 0.000000000000000000e+00 0.000000000000000000e+00
-4.271440000000000126e+00 0.000000000000000000e+00 0.000000000000000000e+00
-4.231519999999999726e+00 0.000000000000000000e+00 0.000000000000000000e+00
-4.191599999999999326e+00 0.000000000000000000e+00 0.000000000000000000e+00
-4.151679999999999815e+00 0.000000000000000000e+00 0.000000000000000000e+00
-4.111759999999999415e+00 0.000000000000000000e+00 0.000000000000000000e+00
-4.071839999999999904e+00 0.000000000000000000e+00 0.000000000000000000e+00
-4.031919999999999504e+00 0.000000000000000000e+00 0.000000000000000000e+00
-3.991999999999999549e+00 0.000000000000000000e+00 0.000000000000000000e+00
-3.952079999999999593e+00 0.000000000000000000e+00 0.000000000000000000e+00
-3.912159999999999638e+00 0.000000000000000000e+00 0.000000000000000000e+00
-3.872239999999999682e+00 0.000000000000000000e+00 0.000000000000000000e+00
-3.832319999999999727e+00 0.000000000000000000e+00 0.000000000000000000e+00
-3.792399999999999771e+00 0.000000000000000000e+00 0.000000000000000000e+00
-3.752479999999999816e+00 0.000000000000000000e+00 0.000000000000000000e+00
-3.712559999999999860e+00 0.000000000000000000e+00 0.000000000000000000e+00
-3.672639999999999905e+00 0.000000000000000000e+00 0.000000000000000000e+00
-3.632719999999999949e+00 0.000000000000000000e+00 0.000000000000000000e+00
-3.592799999999999550e+00 0.000000000000000000e+00 0.000000000000000000e+00
-3.552879999999999594e+00 0.000000000000000000e+00 0.000000000000000000e+00
-3.512959999999999638e+00 0.000000000000000000e+00 0.000000000000000000e+00
-3.473039999999999683e+00 0.000000000000000000e+00 0.000000000000000000e+00
-3.433119999999999727e+00 0.000000000000000000e+00 0.000000000000000000e+00
-3.393199999999999772e+00 0.000000000000000000e+00 0.000000000000000000e+00
-3.353279999999999816e+00 0.000000000000000000e+00 0.000000000000000000e+00
-3.313359999999999861e+00 0.000000000000000000e+00 0.000000000000000000e+00
-3.273439999999999905e+00 0.000000000000000000e+00 0.000000000000000000e+00
-3.233519999999999950e+00 0.000000000000000000e+00 0.000000000000000000e+00
-3.193599999999999994e+00 0.000000000000000000e+00 0.000000000000000000e+00
-3.153679999999999595e+00 0.000000000000000000e+00 0.000000000000000000e+00
-3.113759999999999639e+00 0.000000000000000000e+00 0.000000000000000000e+00
-3.073839999999999684e+00 0.000000000000000000e+00 0.000000000000000000e+00
-3.033919999999999728e+00 0.000000000000000000e+00 0.000000000000000000e+00
-2.993999999999999773e+00 0.000000000000000000e+00 0.000000000000000000e+00
-2.954079999999999817e+00 0.000000000000000000e+00 0.000000000000000000e+00
-2.914159999999999862e+00 0.000000000000000000e+00 0.000000000000000000e+00
-2.874239999999999906e+00 0.000000000000000000e+00 0.000000000000000000e+00
-2.834319999999999951e+00 0.000000000000000000e+00 0.000000000000000000e+00
-2.794399999999999995e+00 0.000000000000000000e+00 0.000000000000000000e+00
-2.754479999999999595e+00 0.000000000000000000e+00 0.000000000000000000e+00
-2.714559999999999640e+00 0.000000000000000000e+00 0.000000000000000000e+00
-2.674639999999999684e+00 0.000000000000000000e+00 0.000000000000000000e+00
-2.634719999999999729e+00 0.000000000000000000e+00 0.000000000000000000e+00
-2.594799999999999773e+00 0.000000000000000000e+00 0.000000000000000000e+00
-2.554879999999999818e+00 0.000000000000000000e+00 0.000000000000000000e+00
-2.514959999999999862e+00 0.000000000000000000e+00 0.000000000000000000e+00
-2.475039999999999907e+00 0.000000000000000000e+00 0.000000000000000000e+00
-2.435119999999999951e+00 0.000000000000000000e+00 0.000000000000000000e+00
-2.395199999999999996e+00 0.000000000000000000e+00 0.000000000000000000e+00
-2.355280000000000040e+00 0.000000000000000000e+00 0.000000000000000000e+00
-2.315359999999999641e+00 0.000000000000000000e+00 0.000000000000000000e+00
-2.275439999999999685e+00 0.000000000000000000e+00 0.000000000000000000e+00
-2.235519999999999730e+00 0.000000000000000000e+00 0.000000000000000000e+00
-2.195599999999999774e+00 0.000000000000000000e+00 0.000000000000000000e+00
-2.155679999999999819e+00 0.000000000000000000e+00 0.000000000000000000e+00
-2.115759999999999863e+00 0.000000000000000000e+00 0.000000000000000000e+00
-2.075839999999999907e+00 0.000000000000000000e+00 0.000000000000000000e+00
-2.035919999999999952e+00 0.000000000000000000e+00 0.000000000000000000e+00
-1.995999999999999774e+00 0.000000000000000000e+00 0.000000000000000000e+00
-1.956079999999999819e+00 0.000000000000000000e+00 0.000000000000000000e+00
-1.916159999999999863e+00 0.000000000000000000e+00 0.000000000000000000e+00
-1.876239999999999908e+00 0.000000000000000000e+00 0.000000000000000000e+00
-1.836319999999999952e+00 0.000000000000000000e+00 0.000000000000000000e+00
-1.796399999999999775e+00 0.000000000000000000e+00 0.000000000000000000e+00
-1.756479999999999819e+00 0.000000000000000000e+00 0.000000000000000000e+00
-1.716559999999999864e+00 0.000000000000000000e+00 0.000000000000000000e+00
-1.676639999999999908e+00 0.000000000000000000e+00 0.000000000000000000e+00
-1.636719999999999953e+00 0.000000000000000000e+00 0.000000000000000000e+00
-1.596799999999999997e+00 0.000000000000000000e+00 0.000000000000000000e+00
-1.556879999999999820e+00 0.000000000000000000e+00 0.000000000000000000e+00
-1.516959999999999864e+00 0.000000000000000000e+00 0.000000000000000000e+00
-1.477039999999999909e+00 0.000000000000000000e+00 0.000000000000000000e+00
-1.437119999999999953e+00 0.000000000000000000e+00 0.000000000000000000e+00
-1.397199999999999998e+00 0.000000000000000000e+00 0.000000000000000000e+00
-1.357279999999999820e+00 0.000000000000000000e+00 0.000000000000000000e+00
-1.317359999999999864e+00 0.000000000000000000e+00 0.000000000000000000e+00
-1.277439999999999909e+00 0.000000000000000000e+00 0.000000000000000000e+00
-1.237519999999999953e+00 0.000000000000000000e+00 0.000000000000000000e+00
-1.197599999999999998e+00 0.000000000000000000e+00 0.000000000000000000e+00
-1.157679999999999820e+00 0.000000000000000000e+00 0.000000000000000000e+00
-1.117759999999999865e+00 0.000000000000000000e+00 0.000000000000000000e+00
-1.077839999999999909e+00 0.000000000000000000e+00 0.000000000000000000e+00
-1.037919999999999954e+00 0.000000000000000000e+00 0.000000000000000000e+00
-9.979999999999998872e-01 0.000000000000000000e+00 0.000000000000000000e+00
-9.580799999999999317e-01 0.000000000000000000e+00 0.000000000000000000e+00
-9.181599999999999762e-01 0.000000000000000000e+00 0.000000000000000000e+00
-8.782399999999999096e-01 0.000000000000000000e+00 0.000000000000000000e+00
-8.383199999999999541e-01 0.000000000000000000e+00 0.000000000000000000e+00
-7.983999999999999986e-01 0.000000000000000000e+00 0.000000000000000000e+00
-7.584799999999999320e-01 0.000000000000000000e+00 0.000000000000000000e+00
-7.185599999999999765e-01 0.000000000000000000e+00 0.000000000000000000e+00
-6.786399999999999100e-01 0.000000000000000000e+00 0.000000000000000000e+00
-6.387199999999999545e-01 0.000000000000000000e+00 0.000000000000000000e+00
-5.987999999999999989e-01 0.000000000000000000e+00 0.000000000000000000e+00
-5.588799999999999324e-01 0.000000000000000000e+00 0.000000000000000000e+00
-5.189599999999999769e-01 0.000000000000000000e+00 0.000000000000000000e+00
-4.790399999999999658e-01 0.000000000000000000e+00 0.000000000000000000e+00
-4.391199999999999548e-01 0.000000000000000000e+00 0.000000000000000000e+00
-3.991999999999999993e-01 0.000000000000000000e+00 0.000000000000000000e+00
-3.592799999999999883e-01 0.000000000000000000e+00 0.000000000000000000e+00
-3.193599999999999772e-01 0.000000000000000000e+00 0.000000000000000000e+00
-2.794399999999999662e-01 0.000000000000000000e+00 0.000000000000000000e+00
-2.395199999999999829e-01 0.000000000000000000e+00 0.000000000000000000e+00
-1.995999999999999996e-01 0.000000000000000000e+00 0.000000000000000000e+00
-1.596799999999999886e-01 0.000000000000000000e+00 0.000000000000000000e+00
-1.197599999999999915e-01 0.000000000000000000e+00 0.000000000000000000e+00
-7.983999999999999431e-02 0.000000000000000000e+00 0.000000000000000000e+00
-3.991999999999999715e-02 0.000000000000000000e+00 0.000000000000000000e+00
