0.0 0.0 0.0 2000000000.0
0.0025012506253126563 0.0 0.0 2.0926690315522803e+24
0.0050025012506253125 0.0 0.0 2.0436221011251545e+21
0.007503751875937969 0.0 0.0 3.5439533803296715e+19
0.010005002501250625 0.0 0.0 1.99572470812258e+18
0.01250625312656328 0.0 0.0 2.142893088278523e+17
0.015007503751875938 0.0 0.0 3.4608919728309596e+16
0.017508754377188594 0.0 0.0 7408327061335647.0
0.02001000500250125 0.0 0.0 1948949909810095.8
0.022511255627813906 0.0 0.0 600171616553617.1
0.02501250625312656 0.0 0.0 209266902961382.62
0.027513756878439218 0.0 0.0 80681450078798.77
0.030015007503751877 0.0 0.0 33797773080155.31
0.03251625812906453 0.0 0.0 15179834003173.898
0.03501750875437719 0.0 0.0 7234694346164.391
0.03751875937968984 0.0 0.0 3629008223169.5254
0.0400200100050025 0.0 0.0 1903271367182.576
0.04252126063031516 0.0 0.0 1038033391021.9468
0.04502251125562781 0.0 0.0 586105076113.4504
0.04752376188094047 0.0 0.0 341322186445.6606
0.05002501250625312 0.0 0.0 204362197997.17
0.05252626313156578 0.0 0.0 125460659343.62718
0.055027513756878435 0.0 0.0 78790470446.92075
0.057528764382191094 0.0 0.0 50515205922.08505
0.060030015007503754 0.0 0.0 33005632022.21224
0.06253126563281641 0.0 0.0 21943220261.83912
0.06503251625812906 0.0 0.0 14824052468.081078
0.06753376688344172 0.0 0.0 10163955383.917303
0.07003501750875438 0.0 0.0 7065128092.976142
0.07253626813406704 0.0 0.0 4974166624.3695545
0.07503751875937968 0.0 0.0 3543950987.1749988
0.07753876938469234 0.0 0.0 2553190689.492853
0.080040020010005 0.0 0.0 1858661624.7426271
0.08254127063531766 0.0 0.0 1366345809.2796526
0.08504252126063032 0.0 0.0 1013703055.5089011
0.08754377188594296 0.0 0.0 758611399.3968614
0.09004502251125562 0.0 0.0 572367102.3175861
0.09254627313656828 0.0 0.0 435193374.1674478
0.09504752376188094 0.0 0.0 333321532.5716438
0.09754877438719359 0.0 0.0 257070984.99973127
0.10005002501250625 0.0 0.0 199571713.60316116
0.1025512756378189 0.0 0.0 155905009.2328262
0.10505252626313157 0.0 0.0 122519561.91556531
0.10755377688844422 0.0 0.0 96830784.09545624
0.11005502751375687 0.0 0.0 76943309.69231024
0.11255627813906953 0.0 0.0 61457100.84296047
0.11505752876438219 0.0 0.0 49330829.610738106
0.11755877938969485 0.0 0.0 39784841.45179371
0.12006003001500751 0.0 0.0 32231703.060633495
0.12256128064032015 0.0 0.0 26226128.143846337
0.12506253126563283 0.0 0.0 21428620.729939073
0.12756378189094547 0.0 0.0 17578900.484514717
0.13006503251625812 0.0 0.0 14476352.760646
0.1325662831415708 0.0 0.0 11965557.409645818
0.13506753376688344 0.0 0.0 9925513.269837778
0.13756878439219608 0.0 0.0 8261568.662847728
0.14007003501750875 0.0 0.0 6899345.125170668
0.1425712856428214 0.0 0.0 5780137.81475654
0.14507253626813407 0.0 0.0 4857415.9757653875
0.14757378689344672 0.0 0.0 4094147.2821595306
0.15007503751875936 0.0 0.0 3460742.4006636683
0.15257628814407204 0.0 0.0 2933468.780999409
0.15507753876938468 0.0 0.0 2493221.1459020665
0.15757878939469736 0.0 0.0 2124564.39777033
0.16008004002001 0.0 0.0 1814985.507187293
0.16258129064532265 0.0 0.0 1554306.4156337515
0.16508254127063532 0.0 0.0 1334221.5157182051
0.16758379189594796 0.0 0.0 1147931.909587648
0.17008504252126064 0.0 0.0 989855.1457098594
0.17258629314657328 0.0 0.0 855394.0468030972
0.17508754377188593 0.0 0.0 740751.970802946
0.1775887943971986 0.0 0.0 642784.6893305564
0.18009004502251125 0.0 0.0 558881.2437035567
0.18259129564782392 0.0 0.0 486867.8101676496
0.18509254627313657 0.0 0.0 424929.8953585107
0.1875937968984492 0.0 0.0 371549.18115251896
0.19009504752376188 0.0 0.0 325452.11357720965
0.19259629814907453 0.0 0.0 285567.9350985639
0.19509754877438718 0.0 0.0 250994.3326353332
0.19759879939969985 0.0 0.0 220969.24494590564
0.2001000500250125 0.0 0.0 194847.66541245134
0.20260130065032517 0.0 0.0 172082.50720682106
0.2051025512756378 0.0 0.0 152208.78082345976
0.20760380190095046 0.0 0.0 134830.47939753463
0.21010505252626313 0.0 0.0 119609.68313969344
0.21260630315157578 0.0 0.0 106257.48686598065
0.21510755377688845 0.0 0.0 94526.4288570707
0.2176088044022011 0.0 0.0 84204.15895650325
0.22011005502751374 0.0 0.0 75108.13190197131
0.2226113056528264 0.0 0.0 67081.15072790337
0.22511255627813906 0.0 0.0 59987.616535895984
0.22761380690345173 0.0 0.0 53710.36646876891
0.23011505752876438 0.0 0.0 48148.00250748138
0.23261630815407702 0.0 0.0 43212.63066298122
0.2351175587793897 0.0 0.0 38827.94399492661
0.23761880940470234 0.0 0.0 34927.59424572737
0.24012006003001501 0.0 0.0 31453.806204015767
0.24262131065532766 0.0 0.0 28356.196586007703
0.2451225612806403 0.0 0.0 25590.765551878674
0.24762381190595298 0.0 0.0 23119.034203907824
0.25012506253126565 0.0 0.0 20907.305743256733
0.2526263131565783 0.0 0.0 18926.031554608897
0.25512756378189094 0.0 0.0 17149.266473929547
0.2576288144072036 0.0 0.0 15554.199981320997
0.26013006503251623 0.0 0.0 14120.752135666746
0.26263131565782893 0.0 0.0 12831.224801866436
0.2651325662831416 0.0 0.0 11670.000173451608
0.2676338169084542 0.0 0.0 10623.279811249115
0.27013506753376687 0.0 0.0 9678.85844201577
0.2726363181590795 0.0 0.0 8825.92762213722
0.27513756878439216 0.0 0.0 8054.90509743559
0.27763881940970486 0.0 0.0 7357.286303074894
0.2801400700350175 0.0 0.0 6725.514965902841
0.28264132066033015 0.0 0.0 6152.8702105980265
0.2851425712856428 0.0 0.0 5633.367943407385
0.28764382191095544 0.0 0.0 5161.674603638254
0.29014507253626814 0.0 0.0 4733.031642239293
0.2926463231615808 0.0 0.0 4343.18931613853
0.29514757378689344 0.0 0.0 3988.348582677077
0.2976488244122061 0.0 0.0 3665.1100456575828
0.3001500750375187 0.0 0.0 3370.4290475595744
0.3026513256628314 0.0 0.0 3101.5761250127
0.3051525762881441 0.0 0.0 2856.1021497375937
0.3076538269134567 0.0 0.0 2631.8075674565616
0.31015507753876936 0.0 0.0 2426.715224932606
0.312656328164082 0.0 0.0 2239.046342167087
0.3151575787893947 0.0 0.0 2067.1992444431094
0.31765882941470736 0.0 0.0 1909.7305186729027
0.32016008004002 0.0 0.0 1765.3383015232766
0.32266133066533265 0.0 0.0 1632.847444014028
0.3251625812906453 0.0 0.0 1511.1963295280339
0.327663831915958 0.0 0.0 1399.42515013558
0.33016508254127064 0.0 0.0 1296.6654704150858
0.3326663331665833 0.0 0.0 1202.13092905574
0.33516758379189593 0.0 0.0 1115.1087866659545
0.3376688344172086 0.0 0.0 1034.953165436316
0.3401700850425213 0.0 0.0 961.0774775963906
0.3426713356678339 0.0 0.0 892.9491544907069
0.34517258629314657 0.0 0.0 830.0841977419411
0.3476738369184592 0.0 0.0 772.042442842634
0.35017508754377186 0.0 0.0 718.4233141495059
0.35267633816908456 0.0 0.0 668.8620172753824
0.3551775887943972 0.0 0.0 623.0261211365117
0.35767883941970985 0.0 0.0 580.6124874120302
0.3601800900450225 0.0 0.0 541.3445100052633
0.36268134067033514 0.0 0.0 504.9696313479229
0.36518259129564784 0.0 0.0 471.25710613153325
0.3676838419209605 0.0 0.0 439.99598634923717
0.37018509254627313 0.0 0.0 410.99330444077674
0.3726863431715858 0.0 0.0 384.07243390218616
0.3751875937968984 0.0 0.0 359.07160899130605
0.37768884442221107 0.0 0.0 335.842587167309
0.38019009504752377 0.0 0.0 314.2494396787576
0.3826913456728364 0.0 0.0 294.1674572881837
0.38519259629814906 0.0 0.0 275.4821595160256
0.3876938469234617 0.0 0.0 258.0883970243402
0.39019509754877435 0.0 0.0 241.88953785950358
0.39269634817408705 0.0 0.0 226.7967292495686
0.3951975987993997 0.0 0.0 212.72822752026616
0.39769884942471234 0.0 0.0 199.60878946642384
0.400200100050025 0.0 0.0 187.36911920386
0.40270135067533763 0.0 0.0 175.94536514023793
0.40520260130065033 0.0 0.0 165.2786622505595
0.407703851925963 0.0 0.0 155.31471533135334
0.4102051025512756 0.0 0.0 146.003419343876
0.41270635317658827 0.0 0.0 137.29851334658142
0.4152076038019009 0.0 0.0 129.1572648659185
0.4177088544272136 0.0 0.0 121.54018186671648
0.42021010505252626 0.0 0.0 114.41074976306699
0.4227113556778389 0.0 0.0 107.73519116125448
0.42521260630315155 0.0 0.0 101.48224625108746
0.4277138569284642 0.0 0.0 95.62297196374475
0.4302151075537769 0.0 0.0 90.13055819543183
0.43271635817908954 0.0 0.0 84.98015955897228
0.4352176088044022 0.0 0.0 80.14874127186694
0.43771885942971483 0.0 0.0 75.61493792108922
0.4402201100550275 0.0 0.0 71.35892396348918
0.4427213606803402 0.0 0.0 67.36229492752362
0.4452226113056528 0.0 0.0 63.60795837834268
0.44772386193096547 0.0 0.0 60.080033795129374
0.4502251125562781 0.0 0.0 56.76376058798773
0.45272636318159076 0.0 0.0 53.64541355246543
0.45522761380690346 0.0 0.0 50.71222512375814
0.4577288644322161 0.0 0.0 47.95231385046856
0.46023011505752875 0.0 0.0 45.35461856009655
0.4627313656828414 0.0 0.0 42.908837735773695
0.46523261630815405 0.0 0.0 40.605373666624025
0.46773386693346675 0.0 0.0 38.43528097296835
0.4702351175587794 0.0 0.0 36.39021914280074
0.47273636818409204 0.0 0.0 34.46240874789702
0.4752376188094047 0.0 0.0 32.64459103689715
0.47773886943471733 0.0 0.0 30.929990629012817
0.48024012006003003 0.0 0.0 29.31228105591697
0.4827413706853427 0.0 0.0 27.78555292109442
0.4852426213106553 0.0 0.0 26.344284465689668
0.48774387193596797 0.0 0.0 24.983314347860762
0.4902451225612806 0.0 0.0 23.697816459008425
0.49274637318659326 0.0 0.0 22.48327661514858
0.49524762381190596 0.0 0.0 21.335470975272543
0.4977488744372186 0.0 0.0 20.250446050912615
0.5002501250625313 0.0 0.0 19.224500182417053
0.5027513756878439 0.0 0.0 18.25416636773714
0.5052526263131566 0.0 0.0 17.33619633892605
0.5077538769384692 0.0 0.0 16.467545790138317
0.5102551275637819 0.0 0.0 15.645360668757936
0.5127563781890946 0.0 0.0 14.86696444845748
0.5152576288144072 0.0 0.0 14.129846309544345
0.5177588794397199 0.0 0.0 13.431650157951141
0.5202601300650325 0.0 0.0 12.770164419718478
0.5227613806903452 0.0 0.0 12.143312552844828
0.5252626313156579 0.0 0.0 11.549144222986877
0.5277638819409705 0.0 0.0 10.985827093713233
0.5302651325662832 0.0 0.0 10.45163918588651
0.5327663831915957 0.0 0.0 9.94496176429878
0.5352676338169085 0.0 0.0 9.464272712942941
0.537768884442221 0.0 0.0 9.008140363294158
0.5402701350675337 0.0 0.0 8.575217742721469
0.5427713856928464 0.0 0.0 8.164237212674006
0.545272636318159 0.0 0.0 7.774005468604956
0.5477738869434717 0.0 0.0 7.403398875729229
0.5502751375687843 0.0 0.0 7.0513591166730745
0.552776388194097 0.0 0.0 6.716889128877752
0.5552776388194097 0.0 0.0 6.39904931128229
0.5577788894447223 0.0 0.0 6.096953981339583
0.560280140070035 0.0 0.0 5.809768064830286
0.5627813906953476 0.0 0.0 5.536704002237864
0.5652826413206603 0.0 0.0 5.277018856645766
0.567783891945973 0.0 0.0 5.030011609222343
0.5702851425712856 0.0 0.0 4.795020629378078
0.5727863931965983 0.0 0.0 4.5714213076201355
0.5752876438219109 0.0 0.0 4.358623839997683
0.5777888944472236 0.0 0.0 4.156071153833075
0.5802901450725363 0.0 0.0 3.963236965175192
0.5827913956978489 0.0 0.0 3.779623959095675
0.5852926463231616 0.0 0.0 3.604762084581975
0.5877938969484742 0.0 0.0 3.4382069563667126
0.5902951475737869 0.0 0.0 3.279538356574174
0.5927963981990996 0.0 0.0 3.1283588295664377
0.5952976488244122 0.0 0.0 2.9842923638353622
0.5977988994497249 0.0 0.0 2.846983155216543
0.6003001500750375 0.0 0.0 2.716094446099645
0.6028014007003502 0.0 0.0 2.591307435677993
0.6053026513256629 0.0 0.0 2.4723202566227926
0.6078039019509754 0.0 0.0 2.358847013884074
0.6103051525762881 0.0 0.0 2.2506168816147483
0.6128064032016007 0.0 0.0 2.147373254487113
0.6153076538269134 0.0 0.0 2.0488729499242995
0.6178089044522261 0.0 0.0 1.9548854580044446
0.6203101550775387 0.0 0.0 1.8651922360136912
0.6228114057028514 0.0 0.0 1.7795860448270275
0.625312656328164 0.0 0.0 1.6978703244845634
0.6278139069534767 0.0 0.0 1.6198586065059604
0.6303151575787894 0.0 0.0 1.5453739606488273
0.632816408204102 0.0 0.0 1.474248473968341
0.6353176588294147 0.0 0.0 1.4063227601763775
0.6378189094547273 0.0 0.0 1.3414454974297254
0.64032016008004 0.0 0.0 1.279472992798912
0.6428214107053527 0.0 0.0 1.2202687717831922
0.6453226613306653 0.0 0.0 1.1637031913428761
0.647823911955978 0.0 0.0 1.1096530750190852
0.6503251625812906 0.0 0.0 1.0580013688029428
0.6528264132066033 0.0 0.0 1.0086368165018618
0.655327663831916 0.0 0.0 0.9614536534306899
0.6578289144572286 0.0 0.0 0.9163513173298764
0.6603301650825413 0.0 0.0 0.8732341754824959
0.6628314157078539 0.0 0.0 0.8320112670668598
0.6653326663331666 0.0 0.0 0.7925960598419765
0.6678339169584793 0.0 0.0 0.7549062203197963
0.6703351675837919 0.0 0.0 0.7188633966309081
0.6728364182091046 0.0 0.0 0.6843930133397926
0.6753376688344171 0.0 0.0 0.6514240775118192
0.6778389194597298 0.0 0.0 0.6198889953772535
0.6803401700850426 0.0 0.0 0.5897233989779098
0.6828414207103551 0.0 0.0 0.5608659822196694
0.6853426713356678 0.0 0.0 0.5332583457894124
0.6878439219609804 0.0 0.0 0.5068448504278356
0.6903451725862931 0.0 0.0 0.48157247808048764
0.6928464232116058 0.0 0.0 0.45739070047826946
0.6953476738369184 0.0 0.0 0.43425135472563015
0.6978489244622311 0.0 0.0 0.41210852550005517
0.7003501750875437 0.0 0.0 0.3909184334901578
0.7028514257128564 0.0 0.0 0.37063932972187646
0.7053526763381691 0.0 0.0 0.35123139544313897
0.7078539269634817 0.0 0.0 0.3326566472568579
0.7103551775887944 0.0 0.0 0.3148788472104199
0.712856428214107 0.0 0.0 0.2978634175670168
0.7153576788394197 0.0 0.0 0.2815773600002201
0.7178589294647324 0.0 0.0 0.2659891789683577
0.720360180090045 0.0 0.0 0.25106880903938167
0.7228614307153577 0.0 0.0 0.2367875459502334
0.7253626813406703 0.0 0.0 0.2231179811972177
0.727863931965983 0.0 0.0 0.2100339399655872
0.7303651825912957 0.0 0.0 0.19751042221760146
0.7328664332166083 0.0 0.0 0.18552354676862026
0.735367683841921 0.0 0.0 0.17405049819056467
0.7378689344672336 0.0 0.0 0.16306947639117508
0.7403701850925463 0.0 0.0 0.15255964872611794
0.742871435717859 0.0 0.0 0.1425011045090472
0.7453726863431716 0.0 0.0 0.13287481179233243
0.7478739369684843 0.0 0.0 0.12366257629830818
0.7503751875937968 0.0 0.0 0.11484700238762711
0.7528764382191095 0.0 0.0 0.10641145595760428
0.7553776888444221 0.0 0.0 0.09834002916942775
0.7578789394697348 0.0 0.0 0.09061750690867115
0.7603801900950475 0.0 0.0 0.0832293348888683
0.7628814407203601 0.0 0.0 0.07616158931283722
0.7653826913456728 0.0 0.0 0.06940094801114598
0.7678839419709854 0.0 0.0 0.0629346629815274
0.7703851925962981 0.0 0.0 0.05675053425717608
0.7728864432216108 0.0 0.0 0.050836885035817896
0.7753876938469234 0.0 0.0 0.045182538005098666
0.7778889444722361 0.0 0.0 0.03977679280334325
0.7803901950975487 0.0 0.0 0.03460940455801234
0.7828914457228614 0.0 0.0 0.029670563447274197
0.7853926963481741 0.0 0.0 0.02495087523304287
0.7878939469734867 0.0 0.0 0.02044134271657815
0.7903951975987994 0.0 0.0 0.01613334807035356
0.792896448224112 0.0 0.0 0.0120186360023494
0.7953976988494247 0.0 0.0 0.008089297711245839
0.7978989494747374 0.0 0.0 0.0043377555931831705
0.80040020010005 0.0 0.0 0.0007567486628186267
0.8029014507253627 0.0 0.0 -0.002660681346631104
0.8054027013506753 0.0 0.0 -0.005921203237833303
0.807903951975988 0.0 0.0 -0.009031208989997886
0.8104052026013007 0.0 0.0 -0.011996825815823878
0.8129064532266133 0.0 0.0 -0.014823927663261587
0.815407703851926 0.0 0.0 -0.017518146189135907
0.8179089544772385 0.0 0.0 -0.020084881230288114
0.8204102051025512 0.0 0.0 -0.0225293107965785
0.822911455727864 0.0 0.0 -0.0248564006088403
0.8254127063531765 0.0 0.0 -0.02707091320370523
0.8279139569784892 0.0 0.0 -0.02917741662610061
0.8304152076038018 0.0 0.0 -0.0311802927291617
0.8329164582291145 0.0 0.0 -0.03308374510031192
0.8354177088544272 0.0 0.0 -0.034891806631306505
0.8379189594797398 0.0 0.0 -0.036608346749152074
0.8404202101050525 0.0 0.0 -0.03823707832395636
0.8429214607303651 0.0 0.0 -0.03978156426896627
0.8454227113556778 0.0 0.0 -0.041245223847289465
0.8479239619809905 0.0 0.0 -0.04263133869907169
0.8504252126063031 0.0 0.0 -0.04394305860222357
0.8529264632316158 0.0 0.0 -0.04518340697914063
0.8554277138569284 0.0 0.0 -0.04635528616124497
0.8579289644822411 0.0 0.0 -0.04746148242260073
0.8604302151075538 0.0 0.0 -0.04850467079329795
0.8629314657328664 0.0 0.0 -0.04948741966278111
0.8654327163581791 0.0 0.0 -0.0504121951827991
0.8679339669834917 0.0 0.0 -0.05128136547918495
0.8704352176088044 0.0 0.0 -0.052097204681226666
0.8729364682341171 0.0 0.0 -0.05286189677696564
0.8754377188594297 0.0 0.0 -0.053577539302358944
0.8779389694847424 0.0 0.0 -0.05424614687185833
0.880440220110055 0.0 0.0 -0.05486965455759764
0.8829414707353677 0.0 0.0 -0.055449921124035934
0.8854427213606804 0.0 0.0 -0.05598873212457619
0.887943971985993 0.0 0.0 -0.056487802866371194
0.8904452226113057 0.0 0.0 -0.056948781249230404
0.8929464732366182 0.0 0.0 -0.05737325048426515
0.8954477238619309 0.0 0.0 -0.05776273169764034
0.8979489744872436 0.0 0.0 -0.05811868642454989
0.9004502251125562 0.0 0.0 -0.05844251899829263
0.9029514757378689 0.0 0.0 -0.05873557883909627
0.9054527263631815 0.0 0.0 -0.05899916264712035
0.9079539769884942 0.0 0.0 -0.059234516503863216
0.9104552276138069 0.0 0.0 -0.059442837886000396
0.9129564782391195 0.0 0.0 -0.059625277595496406
0.9154577288644322 0.0 0.0 -0.05978294160965367
0.9179589794897448 0.0 0.0 -0.05991689285459336
0.9204602301150575 0.0 0.0 -0.06002815290550231
0.9229614807403702 0.0 0.0 -0.060117703616827424
0.9254627313656828 0.0 0.0 -0.060186488685452684
0.9279639819909955 0.0 0.0 -0.0602354151497562
0.9304652326163081 0.0 0.0 -0.06026535482731239
0.9329664832416208 0.0 0.0 -0.060277145693878424
0.9354677338669335 0.0 0.0 -0.060271593206185387
0.9379689844922461 0.0 0.0 -0.06024947157093972
0.9404702351175588 0.0 0.0 -0.060211524962333056
0.9429714857428714 0.0 0.0 -0.06015846869025412
0.9454727363681841 0.0 0.0 -0.06009099032129903
0.9479739869934968 0.0 0.0 -0.06000975075458183
0.9504752376188094 0.0 0.0 -0.05991538525425781
0.9529764882441221 0.0 0.0 -0.059808504440587454
0.9554777388694347 0.0 0.0 -0.05968969524128694
0.9579789894947474 0.0 0.0 -0.05955952180483449
0.9604802401200601 0.0 0.0 -0.05941852637732738
0.9629814907453726 0.0 0.0 -0.05926723014441469
0.9654827413706853 0.0 0.0 -0.05910613403976345
0.9679839919959979 0.0 0.0 -0.0589357195214516
0.9704852426213106 0.0 0.0 -0.058756449317621015
0.9729864932466232 0.0 0.0 -0.05856876814266449
0.9754877438719359 0.0 0.0 -0.058373103385166256
0.9779889944972486 0.0 0.0 -0.05816986576876122
0.9804902451225612 0.0 0.0 -0.057959449987028906
0.9829914957478739 0.0 0.0 -0.05774223531348895
0.9854927463731865 0.0 0.0 -0.05751858618771915
0.9879939969984992 0.0 0.0 -0.057288852778573054
0.9904952476238119 0.0 0.0 -0.057053371525432224
0.9929964982491245 0.0 0.0 -0.05681246565838823
0.9954977488744372 0.0 0.0 -0.056566445698210684
0.9979989994997498 0.0 0.0 -0.05631560993692175
1.0005002501250626 0.0 0.0 -0.05606024489976208
1.0030015007503752 0.0 0.0 -0.05580062578930024
1.0055027513756878 0.0 0.0 -0.05553701691240503
1.0080040020010004 0.0 0.0 -0.05526967209077084
1.0105052526263132 0.0 0.0 -0.054998835055655934
1.0130065032516258 0.0 0.0 -0.05472473982746644
1.0155077538769384 0.0 0.0 -0.05444761108079178
1.0180090045022512 0.0 0.0 -0.054167664495472584
1.0205102551275638 0.0 0.0 -0.05388510709425682
1.0230115057528764 0.0 0.0 -0.05360013756757762
1.0255127563781892 0.0 0.0 -0.05331294658596337
1.0280140070035018 0.0 0.0 -0.05302371710057002
1.0305152576288144 0.0 0.0 -0.05273262463230438
1.033016508254127 0.0 0.0 -0.05243983754998902
1.0355177588794398 0.0 0.0 -0.05214551733799946
1.0380190095047523 0.0 0.0 -0.05184981885378756
1.040520260130065 0.0 0.0 -0.05155289057568745
1.0430215107553777 0.0 0.0 -0.0512548748413843
1.0455227613806903 0.0 0.0 -0.05095590807741087
1.048024012006003 0.0 0.0 -0.0506561210200211
1.0505252626313157 0.0 0.0 -0.05035563892777684
1.0530265132566283 0.0 0.0 -0.05005458178616925
1.055527763881941 0.0 0.0 -0.049753064504583625
1.0580290145072535 0.0 0.0 -0.04945119710590436
1.0605302651325663 0.0 0.0 -0.04914908490904364
1.063031515757879 0.0 0.0 -0.048846828704667646
1.0655327663831915 0.0 0.0 -0.048544524924380925
1.0680340170085043 0.0 0.0 -0.0482422658036215
1.070535267633817 0.0 0.0 -0.04794013953850698
1.0730365182591295 0.0 0.0 -0.04763823043686362
1.075537768884442 0.0 0.0 -0.04733661906366082
1.078039019509755 0.0 0.0 -0.04703538238106418
1.0805402701350675 0.0 0.0 -0.04673459388331237
1.08304152076038 0.0 0.0 -0.04643432372661429
1.0855427713856929 0.0 0.0 -0.04613463885425593
1.0880440220110055 0.0 0.0 -0.04583560311709827
1.090545272636318 0.0 0.0 -0.04553727738964045
1.0930465232616309 0.0 0.0 -0.045239719681816
1.0955477738869435 0.0 0.0 -0.04494298524668294
1.098049024512256 0.0 0.0 -0.04464712668416207
1.1005502751375686 0.0 0.0 -0.0443521940409725
1.1030515257628815 0.0 0.0 -0.04405823490690658
1.105552776388194 0.0 0.0 -0.043765294507581994
1.1080540270135066 0.0 0.0 -0.04347341579380204
1.1105552776388194 0.0 0.0 -0.04318263952765163
1.113056528264132 0.0 0.0 -0.042893004365450196
1.1155577788894446 0.0 0.0 -0.04260454693767858
1.1180590295147574 0.0 0.0 -0.04231730192599282
1.12056028014007 0.0 0.0 -0.04203130213743262
1.1230615307653826 0.0 0.0 -0.04174657857592842
1.1255627813906952 0.0 0.0 -0.04146316051120769
1.128064032016008 0.0 0.0 -0.041181075545195775
1.1305652826413206 0.0 0.0 -0.04090034967600449
1.1330665332666332 0.0 0.0 -0.04062100735959685
1.135567783891946 0.0 0.0 -0.04034307156921383
1.1380690345172586 0.0 0.0 -0.040066563852645405
1.1405702851425712 0.0 0.0 -0.03979150438742459
1.143071535767884 0.0 0.0 -0.03951791203402136
1.1455727863931966 0.0 0.0 -0.039245804387109
1.1480740370185092 0.0 0.0 -0.03897519782497368
1.1505752876438218 0.0 0.0 -0.038706107557135154
1.1530765382691346 0.0 0.0 -0.03843854767024349
1.1555777888944472 0.0 0.0 -0.03817253117231512
1.1580790395197598 0.0 0.0 -0.03790807003536803
1.1605802901450726 0.0 0.0 -0.0376451752365148
1.1630815407703852 0.0 0.0 -0.03738385679756921
1.1655827913956978 0.0 0.0 -0.03712412382322022
1.1680840420210106 0.0 0.0 -0.03686598453782539
1.1705852926463232 0.0 0.0 -0.03660944632087364
1.1730865432716358 0.0 0.0 -0.03635451574116517
1.1755877938969483 0.0 0.0 -0.03610119858975525
1.1780890445222612 0.0 0.0 -0.03584949991170608
1.1805902951475737 0.0 0.0 -0.0355994240366899
1.1830915457728863 0.0 0.0 -0.035350974608484256
1.1855927963981991 0.0 0.0 -0.03510415461339992
1.1880940470235117 0.0 0.0 -0.03485896640767917
1.1905952976488243 0.0 0.0 -0.03461541174390144
1.1930965482741371 0.0 0.0 -0.03437349179643222
1.1955977988994497 0.0 0.0 -0.0341332071859493
1.1980990495247623 0.0 0.0 -0.03389455800307904
1.200600300150075 0.0 0.0 -0.03365754383117493
1.2031015507753877 0.0 0.0 -0.03342216376826885
1.2056028014007003 0.0 0.0 -0.03318841644822448
1.208104052026013 0.0 0.0 -0.03295630006112131
1.2106053026513257 0.0 0.0 -0.03272581237289675
1.2131065532766383 0.0 0.0 -0.03249695074427273
1.215607803901951 0.0 0.0 -0.03226971214899192
1.2181090545272637 0.0 0.0 -0.03204409319138865
1.2206103051525763 0.0 0.0 -0.031820090123317595
1.2231115557778889 0.0 0.0 -0.031597698860463284
1.2256128064032015 0.0 0.0 -0.031376914998052535
1.2281140570285143 0.0 0.0 -0.031157733825990356
1.2306153076538269 0.0 0.0 -0.030940150343440706
1.2331165582791395 0.0 0.0 -0.030724159272870626
1.2356178089044523 0.0 0.0 -0.03050975507357761
1.2381190595297649 0.0 0.0 -0.030296931954718175
1.2406203101550775 0.0 0.0 -0.03008568388785492
1.2431215607803903 0.0 0.0 -0.029876004619039734
1.2456228114057029 0.0 0.0 -0.02966788768044893
1.2481240620310154 0.0 0.0 -0.029461326401586396
1.250625312656328 0.0 0.0 -0.029256313920069978
1.2531265632816408 0.0 0.0 -0.029052843192015742
1.2556278139069534 0.0 0.0 -0.028850907002034278
1.258129064532266 0.0 0.0 -0.028650497972852615
1.2606303151575788 0.0 0.0 -0.028451608574575262
1.2631315657828914 0.0 0.0 -0.028254231133596625
1.265632816408204 0.0 0.0 -0.028058357841177495
1.2681340670335168 0.0 0.0 -0.027863980761696928
1.2706353176588294 0.0 0.0 -0.027671091840591674
1.273136568284142 0.0 0.0 -0.027479682911993323
1.2756378189094546 0.0 0.0 -0.027289745706074307
1.2781390695347674 0.0 0.0 -0.027101271856112965
1.28064032016008 0.0 0.0 -0.0269142529052874
1.2831415707853926 0.0 0.0 -0.026728680313207673
1.2856428214107054 0.0 0.0 -0.026544545462195625
1.288144072036018 0.0 0.0 -0.026361839663321323
1.2906453226613306 0.0 0.0 -0.026180554162204193
1.2931465732866432 0.0 0.0 -0.026000680144587878
1.295647823911956 0.0 0.0 -0.025822208741696034
1.2981490745372686 0.0 0.0 -0.025645131035377366
1.3006503251625812 0.0 0.0 -0.025469438063046836
1.303151575787894 0.0 0.0 -0.02529512082243064
1.3056528264132066 0.0 0.0 -0.025122170276121677
1.3081540770385192 0.0 0.0 -0.024950577355952012
1.310655327663832 0.0 0.0 -0.024780332967189178
1.3131565782891446 0.0 0.0 -0.02461142799256227
1.3156578289144572 0.0 0.0 -0.024443853296123808
1.3181590795397697 0.0 0.0 -0.024277599726953335
1.3206603301650826 0.0 0.0 -0.024112658122708224
1.3231615807903951 0.0 0.0 -0.023949019313027294
1.3256628314157077 0.0 0.0 -0.023786674122791895
1.3281640820410205 0.0 0.0 -0.02362561337525041
1.3306653326663331 0.0 0.0 -0.023465827895010116
1.3331665832916457 0.0 0.0 -0.023307308510901664
1.3356678339169585 0.0 0.0 -0.02315004605872053
1.3381690845422711 0.0 0.0 -0.022994031383849832
1.3406703351675837 0.0 0.0 -0.02283925534376861
1.3431715857928963 0.0 0.0 -0.022685708810449977
1.3456728364182091 0.0 0.0 -0.02253338267265258
1.3481740870435217 0.0 0.0 -0.02238226783810976
1.3506753376688343 0.0 0.0 -0.022232355235619488
1.353176588294147 0.0 0.0 -0.02208363581703901
1.3556778389194597 0.0 0.0 -0.021936100559187686
1.3581790895447723 0.0 0.0 -0.021789740465660776
1.360680340170085 0.0 0.0 -0.021644546568558107
1.3631815907953977 0.0 0.0 -0.02150050993013015
1.3656828414207103 0.0 0.0 -0.021357621644344647
1.3681840920460229 0.0 0.0 -0.021215872838376802
1.3706853426713357 0.0 0.0 -0.02107525467402554
1.3731865932966483 0.0 0.0 -0.020935758349058788
1.3756878439219609 0.0 0.0 -0.020797375098490112
1.3781890945472737 0.0 0.0 -0.02066009619578939
1.3806903451725863 0.0 0.0 -0.020523912954029958
1.3831915957978989 0.0 0.0 -0.020388816726974186
1.3856928464232117 0.0 0.0 -0.020254798910100357
1.3881940970485243 0.0 0.0 -0.02012185094157249
1.3906953476738368 0.0 0.0 -0.019989964303155364
1.3931965982991494 0.0 0.0 -0.0198591305210769
1.3956978489244622 0.0 0.0 -0.019729341166839696
1.3981990995497748 0.0 0.0 -0.019600587857983687
1.4007003501750874 0.0 0.0 -0.019472862258801696
1.4032016008004002 0.0 0.0 -0.019346156081009667
1.4057028514257128 0.0 0.0 -0.019220461084373346
1.4082041020510254 0.0 0.0 -0.019095769077292872
1.4107053526763382 0.0 0.0 -0.01897207191734706
1.4132066033016508 0.0 0.0 -0.018849361511798876
1.4157078539269634 0.0 0.0 -0.018727629818063363
1.418209104552276 0.0 0.0 -0.018606868844139788
1.4207103551775888 0.0 0.0 -0.018487070649009115
1.4232116058029014 0.0 0.0 -0.018368227342998325
1.425712856428214 0.0 0.0 -0.018250331088112616
1.4282141070535268 0.0 0.0 -0.0181333740983371
1.4307153576788394 0.0 0.0 -0.01801734863990885
1.433216608304152 0.0 0.0 -0.017902247031560577
1.4357178589294648 0.0 0.0 -0.017788061644737143
1.4382191095547774 0.0 0.0 -0.017674784903785927
1.44072036018009 0.0 0.0 -0.0175624092861219
1.4432216108054026 0.0 0.0 -0.017450927322368824
1.4457228614307154 0.0 0.0 -0.017340331596477094
1.448224112056028 0.0 0.0 -0.017230614745819543
1.4507253626813406 0.0 0.0 -0.01712176946126582
1.4532266133066534 0.0 0.0 -0.017013788487236364
1.455727863931966 0.0 0.0 -0.016906664621736928
1.4582291145572785 0.0 0.0 -0.016800390716374066
1.4607303651825914 0.0 0.0 -0.016694959676352882
1.463231615807904 0.0 0.0 -0.016590364460457436
1.4657328664332165 0.0 0.0 -0.01648659808101468
1.4682341170585291 0.0 0.0 -0.01638365360384257
1.470735367683842 0.0 0.0 -0.01628152414818308
1.4732366183091545 0.0 0.0 -0.016180202886620854
1.4757378689344671 0.0 0.0 -0.016079683044987903
1.47823911955978 0.0 0.0 -0.015979957902255173
1.4807403701850925 0.0 0.0 -0.015881020790411524
1.4832416208104051 0.0 0.0 -0.015782865094330602
1.485742871435718 0.0 0.0 -0.015685484251626237
1.4882441220610305 0.0 0.0 -0.015588871752496966
1.490745372686343 0.0 0.0 -0.015493021139559925
1.4932466233116557 0.0 0.0 -0.015397926007674995
1.4957478739369685 0.0 0.0 -0.015303580003759287
1.498249124562281 0.0 0.0 -0.015209976826592754
1.5007503751875937 0.0 0.0 -0.015117110226615101
1.5032516258129065 0.0 0.0 -0.015024974005714587
1.505752876438219 0.0 0.0 -0.014933562017009216
1.5082541270635317 0.0 0.0 -0.01484286816462033
1.5107553776888443 0.0 0.0 -0.014752886403439447
1.513256628314157 0.0 0.0 -0.014663610738888456
1.5157578789394697 0.0 0.0 -0.0145750352266736
1.5182591295647823 0.0 0.0 -0.01448715397253343
1.520760380190095 0.0 0.0 -0.014399961131981389
1.5232616308154077 0.0 0.0 -0.014313450910043091
1.5257628814407203 0.0 0.0 -0.014227617560988544
1.528264132066033 0.0 0.0 -0.014142455388059893
1.5307653826913457 0.0 0.0 -0.014057958743194774
1.5332666333166582 0.0 0.0 -0.013974122026745474
1.5357678839419708 0.0 0.0 -0.013890939687194393
1.5382691345672836 0.0 0.0 -0.013808406220865906
1.5407703851925962 0.0 0.0 -0.013726516171634914
1.5432716358179088 0.0 0.0 -0.013645264130632261
1.5457728864432216 0.0 0.0 -0.013564644735947342
1.5482741370685342 0.0 0.0 -0.013484652672328075
1.5507753876938468 0.0 0.0 -0.01340528267087842
1.5532766383191596 0.0 0.0 -0.013326529508753638
1.5557778889444722 0.0 0.0 -0.013248388008853643
1.5582791395697848 0.0 0.0 -0.013170853039514327
1.5607803901950974 0.0 0.0 -0.013093919514197357
1.5632816408204102 0.0 0.0 -0.01301758239117843
1.5657828914457228 0.0 0.0 -0.012941836673234166
1.5682841420710354 0.0 0.0 -0.012866677407327911
1.5707853926963482 0.0 0.0 -0.012792099684294416
1.5732866433216608 0.0 0.0 -0.012718098638523757
1.5757878939469734 0.0 0.0 -0.012644669447644426
1.5782891445722862 0.0 0.0 -0.012571807332205916
1.5807903951975988 0.0 0.0 -0.012499507555360773
1.5832916458229114 0.0 0.0 -0.012427765422546354
1.585792896448224 0.0 0.0 -0.012356576281166329
1.5882941470735368 0.0 0.0 -0.012285935520272115
1.5907953976988494 0.0 0.0 -0.012215838570244322
1.593296648324162 0.0 0.0 -0.012146280902474224
1.5957978989494748 0.0 0.0 -0.012077258029045553
1.5982991495747874 0.0 0.0 -0.012008765502416544
1.6008004002001 0.0 0.0 -0.011940798915102373
1.6033016508254128 0.0 0.0 -0.011873353899358119
1.6058029014507254 0.0 0.0 -0.011806426126862293
1.608304152076038 0.0 0.0 -0.011740011308400971
1.6108054027013505 0.0 0.0 -0.011674105193552723
1.6133066533266633 0.0 0.0 -0.011608703570374324
1.615807903951976 0.0 0.0 -0.011543802265087357
1.6183091545772885 0.0 0.0 -0.011479397141765709
1.6208104052026013 0.0 0.0 -0.01141548410202414
1.623311655827914 0.0 0.0 -0.011352059084707893
1.6258129064532265 0.0 0.0 -0.011289118065583414
1.6283141570785393 0.0 0.0 -0.01122665705703029
1.630815407703852 0.0 0.0 -0.011164672107734405
1.6333166583291645 0.0 0.0 -0.011103159302382381
1.635817908954477 0.0 0.0 -0.011042114761357344
1.63831915957979 0.0 0.0 -0.010981534640436094
1.6408204102051025 0.0 0.0 -0.010921415130487706
1.643321660830415 0.0 0.0 -0.010861752457173527
1.645822911455728 0.0 0.0 -0.010802542880648741
1.6483241620810405 0.0 0.0 -0.010743782695265472
1.650825412706353 0.0 0.0 -0.010685468229277401
1.653326663331666 0.0 0.0 -0.010627595844546036
1.6558279139569785 0.0 0.0 -0.010570161936248624
1.658329164582291 0.0 0.0 -0.010513162932587684
1.6608304152076037 0.0 0.0 -0.010456595294502248
1.6633316658329165 0.0 0.0 -0.010400455515380847
1.665832916458229 0.0 0.0 -0.010344740120776215
1.6683341670835417 0.0 0.0 -0.010289445668121735
1.6708354177088545 0.0 0.0 -0.010234568746449669
1.673336668334167 0.0 0.0 -0.01018010597611126
1.6758379189594796 0.0 0.0 -0.010126054008498541
1.6783391695847925 0.0 0.0 -0.010072409525768095
1.680840420210105 0.0 0.0 -0.01001916924056654
1.6833416708354176 0.0 0.0 -0.009966329895758018
1.6858429214607302 0.0 0.0 -0.009913888264153433
1.688344172086043 0.0 0.0 -0.009861841148241662
1.6908454227113556 0.0 0.0 -0.009810185379922648
1.6933466733366682 0.0 0.0 -0.00975891782024237
1.695847923961981 0.0 0.0 -0.00970803535912975
1.6983491745872936 0.0 0.0 -0.009657534915135529
1.7008504252126062 0.0 0.0 -0.009607413435172974
1.703351675837919 0.0 0.0 -0.009557667894260607
1.7058529264632316 0.0 0.0 -0.009508295295266868
1.7083541770885442 0.0 0.0 -0.009459292668656655
1.7108554277138568 0.0 0.0 -0.00941065707223989
1.7133566783391696 0.0 0.0 -0.009362385590921994
1.7158579289644822 0.0 0.0 -0.009314475336456341
1.7183591795897948 0.0 0.0 -0.009266923447198615
1.7208604302151076 0.0 0.0 -0.009219727087863163
1.7233616808404202 0.0 0.0 -0.009172883449281312
1.7258629314657328 0.0 0.0 -0.009126389748161573
1.7283641820910454 0.0 0.0 -0.00908024322685186
1.7308654327163582 0.0 0.0 -0.009034441153103622
1.7333666833416708 0.0 0.0 -0.008988980819837936
1.7358679339669834 0.0 0.0 -0.008943859544913505
1.7383691845922962 0.0 0.0 -0.00889907467089664
1.7408704352176088 0.0 0.0 -0.00885462356483315
1.7433716858429213 0.0 0.0 -0.008810503618022152
1.7458729364682342 0.0 0.0 -0.00876671224579181
1.7483741870935467 0.0 0.0 -0.00872324688727701
1.7508754377188593 0.0 0.0 -0.008680105005198904
1.753376688344172 0.0 0.0 -0.00863728408564641
1.7558779389694847 0.0 0.0 -0.008594781637859535
1.7583791895947973 0.0 0.0 -0.008552595194014684
1.76088044022011 0.0 0.0 -0.008510722309011766
1.7633816908454227 0.0 0.0 -0.008469160560263207
1.7658829414707353 0.0 0.0 -0.008427907547484851
1.768384192096048 0.0 0.0 -0.008386960892488683
1.7708854427213607 0.0 0.0 -0.008346318238977395
1.7733866933466733 0.0 0.0 -0.008305977252340868
1.775887943971986 0.0 0.0 -0.008265935619454374
1.7783891945972985 0.0 0.0 -0.008226191048478677
1.7808904452226113 0.0 0.0 -0.008186741268661929
1.783391695847924 0.0 0.0 -0.008147584030143358
1.7858929464732365 0.0 0.0 -0.008108717103758746
1.7883941970985493 0.0 0.0 -0.008070138280847697
1.7908954477238619 0.0 0.0 -0.0080318453730627
1.7933966983491745 0.0 0.0 -0.00799383621217989
1.7958979489744873 0.0 0.0 -0.007956108649911638
1.7983991995997999 0.0 0.0 -0.007918660557720796
1.8009004502251125 0.0 0.0 -0.007881489826636771
1.803401700850425 0.0 0.0 -0.00784459436707321
1.8059029514757379 0.0 0.0 -0.007807972108647469
1.8084042021010505 0.0 0.0 -0.007771621000001764
1.810905452726363 0.0 0.0 -0.0077355390086259555
1.8134067033516759 0.0 0.0 -0.007699724120682089
1.8159079539769885 0.0 0.0 -0.007664174340830527
1.818409204602301 0.0 0.0 -0.007628887692057743
1.8209104552276139 0.0 0.0 -0.0075938622155057945
1.8234117058529264 0.0 0.0 -0.007559095970303388
1.825912956478239 0.0 0.0 -0.0075245870333985505
1.8284142071035516 0.0 0.0 -0.007490333499392923
1.8309154577288644 0.0 0.0 -0.007456333480377648
1.833416708354177 0.0 0.0 -0.00742258510577082
1.8359179589794896 0.0 0.0 -0.0073890865221565155
1.8384192096048024 0.0 0.0 -0.007355835893125361
1.840920460230115 0.0 0.0 -0.007322831399116692
1.8434217108554276 0.0 0.0 -0.007290071237262159
1.8459229614807404 0.0 0.0 -0.007257553621230942
1.848424212106053 0.0 0.0 -0.007225276781076422
1.8509254627313656 0.0 0.0 -0.007193238963084353
1.8534267133566782 0.0 0.0 -0.007161438429622535
1.855927963981991 0.0 0.0 -0.007129873458991925
1.8584292146073036 0.0 0.0 -0.007098542345279282
1.8609304652326162 0.0 0.0 -0.007067443398211133
1.863431715857929 0.0 0.0 -0.007036574943009322
1.8659329664832416 0.0 0.0 -0.00700593532024787
1.8684342171085542 0.0 0.0 -0.006975522885711306
1.870935467733867 0.0 0.0 -0.006945336010254367
1.8734367183591796 0.0 0.0 -0.0069153730796631275
1.8759379689844922 0.0 0.0 -0.006885632494517448
1.8784392196098048 0.0 0.0 -0.006856112670054842
1.8809404702351176 0.0 0.0 -0.006826812036035667
1.8834417208604302 0.0 0.0 -0.006797729036609671
1.8859429714857427 0.0 0.0 -0.006768862130183861
1.8884442221110556 0.0 0.0 -0.006740209789291683
1.8909454727363681 0.0 0.0 -0.006711770500463541
1.8934467233616807 0.0 0.0 -0.006683542764098573
1.8959479739869936 0.0 0.0 -0.006655525094337733
1.8984492246123061 0.0 0.0 -0.006627716018938148
1.9009504752376187 0.0 0.0 -0.0066001140791487264
1.9034517258629313 0.0 0.0 -0.006572717829587019
1.9059529764882441 0.0 0.0 -0.00654552583811732
1.9084542271135567 0.0 0.0 -0.006518536685730026
1.9109554777388693 0.0 0.0 -0.006491748966422136
1.9134567283641821 0.0 0.0 -0.006465161287079052
1.9159579789894947 0.0 0.0 -0.006438772267357504
1.9184592296148073 0.0 0.0 -0.0064125805395696955
1.9209604802401201 0.0 0.0 -0.00638658474856861
1.9234617308654327 0.0 0.0 -0.006360783551634484
1.9259629814907453 0.0 0.0 -0.006335175618362436
1.9284642321160579 0.0 0.0 -0.006309759630551223
1.9309654827413707 0.0 0.0 -0.006284534282093147
1.9334667333666833 0.0 0.0 -0.006259498278865079
1.9359679839919959 0.0 0.0 -0.006234650338620573
1.9384692346173087 0.0 0.0 -0.006209989190883111
1.9409704852426213 0.0 0.0 -0.006185513576840423
1.9434717358679339 0.0 0.0 -0.006161222249239867
1.9459729864932465 0.0 0.0 -0.0061371139722849275
1.9484742371185593 0.0 0.0 -0.006113187521532727
1.9509754877438719 0.0 0.0 -0.006089441683792611
1.9534767383691845 0.0 0.0 -0.0060658752570257705
1.9559779889944973 0.0 0.0 -0.00604248705024588
1.9584792396198099 0.0 0.0 -0.006019275883420791
1.9609804902451224 0.0 0.0 -0.005996240587375193
1.9634817408704353 0.0 0.0 -0.005973380003694299
1.9659829914957478 0.0 0.0 -0.005950692984628539
1.9684842421210604 0.0 0.0 -0.005928178392999196
1.970985492746373 0.0 0.0 -0.005905835102105044
1.9734867433716858 0.0 0.0 -0.00588366199562995
1.9759879939969984 0.0 0.0 -0.00586165796755142
1.978489244622311 0.0 0.0 -0.005839821922050082
1.9809904952476238 0.0 0.0 -0.005818152773420142
1.9834917458729364 0.0 0.0 -0.00579664944598073
1.985992996498249 0.0 0.0 -0.005775310873988168
1.9884942471235618 0.0 0.0 -0.005754136001549189
1.9909954977488744 0.0 0.0 -0.005733123782535002
1.993496748374187 0.0 0.0 -0.005712273180496281
1.9959979989994996 0.0 0.0 -0.005691583168579044
1.9984992496248124 0.0 0.0 -0.00567105272944138
2.001000500250125 0.0 0.0 -0.005650680855171074
2.003501750875438 0.0 0.0 -0.005630466547204077
2.0060030015007504 0.0 0.0 -0.005610408816243809
2.008504252126063 0.0 0.0 -0.005590506682181341
2.0110055027513756 0.0 0.0 -0.005570759174016388
2.013506753376688 0.0 0.0 -0.00555116532977913
2.0160080040020008 0.0 0.0 -0.005531724196452859
2.018509254627314 0.0 0.0 -0.005512434829897429
2.0210105052526264 0.0 0.0 -0.005493296294773526
2.023511755877939 0.0 0.0 -0.0054743076644676964
2.0260130065032516 0.0 0.0 -0.005455468021018208
2.028514257128564 0.0 0.0 -0.005436776455041648
2.0310155077538767 0.0 0.0 -0.005418232065660347
2.0335167583791893 0.0 0.0 -0.0053998339604305005
2.0360180090045024 0.0 0.0 -0.005381581255271103
2.038519259629815 0.0 0.0 -0.005363473074393618
2.0410205102551275 0.0 0.0 -0.0053455085502323646
2.04352176088044 0.0 0.0 -0.005327686823375678
2.0460230115057527 0.0 0.0 -0.005310007042497783
2.0485242621310653 0.0 0.0 -0.005292468364291377
2.0510255127563783 0.0 0.0 -0.005275069953400947
2.053526763381691 0.0 0.0 -0.0052578109823567965
2.0560280140070035 0.0 0.0 -0.005240690631509741
2.058529264632316 0.0 0.0 -0.005223708088966543
2.0610305152576287 0.0 0.0 -0.005206862550526002
2.0635317658829413 0.0 0.0 -0.005190153219615745
2.066033016508254 0.0 0.0 -0.005173579307229676
2.068534267133567 0.0 0.0 -0.005157140031866104
2.0710355177588795 0.0 0.0 -0.005140834619466549
2.073536768384192 0.0 0.0 -0.0051246623033551425
2.0760380190095047 0.0 0.0 -0.005108622324178766
2.0785392696348173 0.0 0.0 -0.005092713929847761
2.08104052026013 0.0 0.0 -0.005076936375477306
2.0835417708854425 0.0 0.0 -0.005061288923329426
2.0860430215107555 0.0 0.0 -0.005045770842755613
2.088544272136068 0.0 0.0 -0.005030381410140086
2.0910455227613807 0.0 0.0 -0.005015119908843638
2.0935467733866933 0.0 0.0 -0.004999985629148107
2.096048024012006 0.0 0.0 -0.004984977868201453
2.0985492746373184 0.0 0.0 -0.00497009592996342
2.1010505252626315 0.0 0.0 -0.0049553391251517835
2.103551775887944 0.0 0.0 -0.004940706771189206
2.1060530265132567 0.0 0.0 -0.004926198192150642
2.1085542771385692 0.0 0.0 -0.004911812718711339
2.111055527763882 0.0 0.0 -0.004897549688095395
2.1135567783891944 0.0 0.0 -0.00488340844402489
2.116058029014507 0.0 0.0 -0.004869388336669559
2.11855927963982 0.0 0.0 -0.004855488722597025
2.1210605302651326 0.0 0.0 -0.004841708964723598
2.1235617808904452 0.0 0.0 -0.004828048432265578
2.126063031515758 0.0 0.0 -0.0048145065006911306
2.1285642821410704 0.0 0.0 -0.004801082551672666
2.131065532766383 0.0 0.0 -0.00478777597303978
2.1335667833916956 0.0 0.0 -0.004774586158732677
2.1360680340170086 0.0 0.0 -0.004761512508756144
2.138569284642321 0.0 0.0 -0.004748554429134017
2.141070535267634 0.0 0.0 -0.004735711331864163
2.1435717858929464 0.0 0.0 -0.004722982634873967
2.146073036518259 0.0 0.0 -0.004710367761976314
2.1485742871435716 0.0 0.0 -0.004697866142826067
2.151075537768884 0.0 0.0 -0.004685477212877034
2.153576788394197 0.0 0.0 -0.0046732004133394215
2.15607803901951 0.0 0.0 -0.004661035191137768
2.1585792896448224 0.0 0.0 -0.004648980998869354
2.161080540270135 0.0 0.0 -0.004637037294763082
2.1635817908954476 0.0 0.0 -0.004625203542638831
2.16608304152076 0.0 0.0 -0.004613479211867265
2.168584292146073 0.0 0.0 -0.004601863777330112
2.1710855427713858 0.0 0.0 -0.004590356719380894
2.1735867933966984 0.0 0.0 -0.004578957523806099
2.176088044022011 0.0 0.0 -0.004567665681786815
2.1785892946473235 0.0 0.0 -0.004556480689860805
2.181090545272636 0.0 0.0 -0.00454540204988501
2.1835917958979487 0.0 0.0 -0.0045344292689985
2.1860930465232618 0.0 0.0 -0.00452356185958585
2.1885942971485743 0.0 0.0 -0.004512799339240958
2.191095547773887 0.0 0.0 -0.004502141230731258
2.1935967983991995 0.0 0.0 -0.004491587061962381
2.196098049024512 0.0 0.0 -0.004481136365943227
2.1985992996498247 0.0 0.0 -0.004470788680751442
2.2011005502751373 0.0 0.0 -0.004460543549499313
2.2036018009004503 0.0 0.0 -0.004450400520300062
2.206103051525763 0.0 0.0 -0.004440359146234556
2.2086043021510755 0.0 0.0 -0.004430418985318399
2.211105552776388 0.0 0.0 -0.004420579600469434
2.2136068034017007 0.0 0.0 -0.004410840559475628
2.2161080540270133 0.0 0.0 -0.004401201434963362
2.2186093046523263 0.0 0.0 -0.004391661804366084
2.221110555277639 0.0 0.0 -0.004382221249893369
2.2236118059029515 0.0 0.0 -0.004372879358500333
2.226113056528264 0.0 0.0 -0.004363635721857458
2.2286143071535767 0.0 0.0 -0.004354489936320748
2.2311155577788893 0.0 0.0 -0.004345441602902298
2.233616808404202 0.0 0.0 -0.004336490327241203
2.236118059029515 0.0 0.0 -0.004327635719574829
2.2386193096548275 0.0 0.0 -0.004318877394710484
2.24112056028014 0.0 0.0 -0.00431021497199739
2.2436218109054527 0.0 0.0 -0.004301648075299054
2.2461230615307652 0.0 0.0 -0.004293176332965982
2.248624312156078 0.0 0.0 -0.004284799377808737
2.2511255627813904 0.0 0.0 -0.004276516847071337
2.2536268134067035 0.0 0.0 -0.004268328382405031
2.256128064032016 0.0 0.0 -0.004260233629842374
2.2586293146573286 0.0 0.0 -0.00425223223977167
2.2611305652826412 0.0 0.0 -0.0042443238669117485
2.263631815907954 0.0 0.0 -0.004236508170287059
2.2661330665332664 0.0 0.0 -0.004228784813203121
2.2686343171585794 0.0 0.0 -0.004221153463222282
2.271135567783892 0.0 0.0 -0.004213613792139823
2.2736368184092046 0.0 0.0 -0.004206165475960363
2.276138069034517 0.0 0.0 -0.004198808194874609
2.27863931965983 0.0 0.0 -0.004191541633236413
2.2811405702851424 0.0 0.0 -0.004184365479540151
2.283641820910455 0.0 0.0 -0.004177279426398418
2.286143071535768 0.0 0.0 -0.004170283170520023
2.2886443221610806 0.0 0.0 -0.004163376412688319
2.291145572786393 0.0 0.0 -0.004156558857739816
2.293646823411706 0.0 0.0 -0.004149830214543119
2.2961480740370184 0.0 0.0 -0.004143190195978152
2.298649324662331 0.0 0.0 -0.0041366385189157105
2.3011505752876436 0.0 0.0 -0.00413017490419728
2.3036518259129566 0.0 0.0 -0.004123799076615183
2.306153076538269 0.0 0.0 -0.004117510764893003
2.3086543271635818 0.0 0.0 -0.004111309701666309
2.3111555777888944 0.0 0.0 -0.004105195623463672
2.313656828414207 0.0 0.0 -0.004099168270687967
2.3161580790395195 0.0 0.0 -0.004093227387597975
2.3186593296648326 0.0 0.0 -0.004087372722290251
2.321160580290145 0.0 0.0 -0.004081604026681299
2.3236618309154577 0.0 0.0 -0.004075921056490015
2.3261630815407703 0.0 0.0 -0.0040703235712204085
2.328664332166083 0.0 0.0 -0.004064811334144622
2.3311655827913955 0.0 0.0 -0.004059384112286207
2.333666833416708 0.0 0.0 -0.00405404167640368
2.336168084042021 0.0 0.0 -0.004048783800974372
2.3386693346673337 0.0 0.0 -0.004043610264178514
2.3411705852926463 0.0 0.0 -0.004038520847883634
2.343671835917959 0.0 0.0 -0.004033515337629191
2.3461730865432715 0.0 0.0 -0.0040285935226114945
2.348674337168584 0.0 0.0 -0.004023755195668883
2.3511755877938967 0.0 0.0 -0.004019000153267177
2.3536768384192097 0.0 0.0 -0.00401432819548537
2.3561780890445223 0.0 0.0 -0.004009739126001619
2.358679339669835 0.0 0.0 -0.004005232752079466
2.3611805902951475 0.0 0.0 -0.004000808884554325
2.36368184092046 0.0 0.0 -0.0039964673378202345
2.3661830915457727 0.0 0.0 -0.0039922079298168635
2.3686843421710853 0.0 0.0 -0.003988030482016767
2.3711855927963983 0.0 0.0 -0.003983934819412896
2.373686843421711 0.0 0.0 -0.0039799207705063745
2.3761880940470235 0.0 0.0 -0.003975988167294503
2.378689344672336 0.0 0.0 -0.003972136845259036
2.3811905952976486 0.0 0.0 -0.003968366643354688
2.3836918459229612 0.0 0.0 -0.003964677403997913
2.3861930965482743 0.0 0.0 -0.003961068973055893
2.388694347173587 0.0 0.0 -0.00395754119983582
2.3911955977988995 0.0 0.0 -0.003954093937074375
2.393696848424212 0.0 0.0 -0.003950727040927485
2.3961980990495246 0.0 0.0 -0.003947440370960304
2.3986993496748372 0.0 0.0 -0.0039442337901374434
2.40120060030015 0.0 0.0 -0.00394110716481344
2.403701850925463 0.0 0.0 -0.003938060364723469
2.4062031015507754 0.0 0.0 -0.003935093262974283
2.408704352176088 0.0 0.0 -0.003932205736035401
2.4112056028014006 0.0 0.0 -0.003929397663730534
2.413706853426713 0.0 0.0 -0.003926668929229232
2.416208104052026 0.0 0.0 -0.003924019419038787
2.4187093546773384 0.0 0.0 -0.003921449022996359
2.4212106053026514 0.0 0.0 -0.0039189576342613264
2.423711855927964 0.0 0.0 -0.003916545149307896
2.4262131065532766 0.0 0.0 -0.0039142114679179135
2.428714357178589 0.0 0.0 -0.003911956493173932
2.431215607803902 0.0 0.0 -0.003909780131452491
2.4337168584292144 0.0 0.0 -0.0039076822924176404
2.4362181090545274 0.0 0.0 -0.003905662889014682
2.43871935967984 0.0 0.0 -0.0039037218374641533
2.4412206103051526 0.0 0.0 -0.003901859057256024
2.443721860930465 0.0 0.0 -0.0039000744711441314
2.4462231115557778 0.0 0.0 -0.0038983680051408376
2.4487243621810904 0.0 0.0 -0.00389673958851192
2.451225612806403 0.0 0.0 -0.0038951891537716684
2.453726863431716 0.0 0.0 -0.0038937166366782416
2.4562281140570286 0.0 0.0 -0.0038923219762292127
2.458729364682341 0.0 0.0 -0.0038910051146573655
2.4612306153076537 0.0 0.0 -0.0038897659974266975
2.4637318659329663 0.0 0.0 -0.003888604573228663
2.466233116558279 0.0 0.0 -0.0038875207939786218
2.4687343671835915 0.0 0.0 -0.003886514614812525
2.4712356178089045 0.0 0.0 -0.0038855859940838213
2.473736868434217 0.0 0.0 -0.00388473489336058
2.4762381190595297 0.0 0.0 -0.003883961277422834
2.4787393696848423 0.0 0.0 -0.003883265114260163
2.481240620310155 0.0 0.0 -0.0038826463750694673
2.4837418709354675 0.0 0.0 -0.003882105034253002
2.4862431215607805 0.0 0.0 -0.0038816410694165965
2.488744372186093 0.0 0.0 -0.0038812544613681136
2.4912456228114057 0.0 0.0 -0.0038809451941161266
2.4937468734367183 0.0 0.0 -0.00388071325486882
2.496248124062031 0.0 0.0 -0.0038805586340331004
2.4987493746873435 0.0 0.0 -0.0038804813252139424
2.501250625312656 0.0 0.0 -0.0038804813252139424
2.503751875937969 0.0 0.0 -0.0038805586340331004
2.5062531265632817 0.0 0.0 -0.00388071325486882
2.5087543771885943 0.0 0.0 -0.0038809451941161266
2.511255627813907 0.0 0.0 -0.0038812544613681136
2.5137568784392195 0.0 0.0 -0.0038816410694165965
2.516258129064532 0.0 0.0 -0.0038821050342530026
2.5187593796898446 0.0 0.0 -0.0038826463750694677
2.5212606303151577 0.0 0.0 -0.003883265114260163
2.5237618809404703 0.0 0.0 -0.003883961277422834
2.526263131565783 0.0 0.0 -0.00388473489336058
2.5287643821910955 0.0 0.0 -0.0038855859940838213
2.531265632816408 0.0 0.0 -0.003886514614812526
2.5337668834417206 0.0 0.0 -0.0038875207939786213
2.5362681340670337 0.0 0.0 -0.003888604573228663
2.5387693846923463 0.0 0.0 -0.0038897659974266975
2.541270635317659 0.0 0.0 -0.0038910051146573655
2.5437718859429714 0.0 0.0 -0.0038923219762292127
2.546273136568284 0.0 0.0 -0.0038937166366782416
2.5487743871935966 0.0 0.0 -0.0038951891537716693
2.551275637818909 0.0 0.0 -0.0038967395885119195
2.5537768884442222 0.0 0.0 -0.0038983680051408376
2.556278139069535 0.0 0.0 -0.0039000744711441314
2.5587793896948474 0.0 0.0 -0.003901859057256024
2.56128064032016 0.0 0.0 -0.0039037218374641533
2.5637818909454726 0.0 0.0 -0.003905662889014682
2.566283141570785 0.0 0.0 -0.003907682292417639
2.5687843921960978 0.0 0.0 -0.00390978013145249
2.571285642821411 0.0 0.0 -0.003911956493173932
2.5737868934467234 0.0 0.0 -0.0039142114679179135
2.576288144072036 0.0 0.0 -0.003916545149307896
2.5787893946973486 0.0 0.0 -0.0039189576342613264
2.581290645322661 0.0 0.0 -0.003921449022996357
2.5837918959479738 0.0 0.0 -0.003924019419038787
2.5862931465732864 0.0 0.0 -0.003926668929229232
2.5887943971985994 0.0 0.0 -0.003929397663730534
2.591295647823912 0.0 0.0 -0.003932205736035401
2.5937968984492246 0.0 0.0 -0.003935093262974283
2.596298149074537 0.0 0.0 -0.003938060364723469
2.5987993996998497 0.0 0.0 -0.00394110716481344
2.6013006503251623 0.0 0.0 -0.003944233790137442
2.6038019009504754 0.0 0.0 -0.003947440370960304
2.606303151575788 0.0 0.0 -0.003950727040927485
2.6088044022011005 0.0 0.0 -0.003954093937074375
2.611305652826413 0.0 0.0 -0.00395754119983582
2.6138069034517257 0.0 0.0 -0.003961068973055893
2.6163081540770383 0.0 0.0 -0.00396467740399791
2.618809404702351 0.0 0.0 -0.0039683666433546864
2.621310655327664 0.0 0.0 -0.003972136845259036
2.6238119059529765 0.0 0.0 -0.003975988167294503
2.626313156578289 0.0 0.0 -0.0039799207705063745
2.6288144072036017 0.0 0.0 -0.003983934819412896
2.6313156578289143 0.0 0.0 -0.003988030482016765
2.633816908454227 0.0 0.0 -0.003992207929816863
2.6363181590795395 0.0 0.0 -0.0039964673378202345
2.6388194097048525 0.0 0.0 -0.004000808884554325
2.641320660330165 0.0 0.0 -0.004005232752079466
2.6438219109554777 0.0 0.0 -0.004009739126001619
2.6463231615807903 0.0 0.0 -0.00401432819548537
2.648824412206103 0.0 0.0 -0.004019000153267177
2.6513256628314155 0.0 0.0 -0.0040237551956688825
2.6538269134567285 0.0 0.0 -0.0040285935226114945
2.656328164082041 0.0 0.0 -0.004033515337629191
2.6588294147073537 0.0 0.0 -0.004038520847883634
2.6613306653326663 0.0 0.0 -0.004043610264178514
2.663831915957979 0.0 0.0 -0.004048783800974372
2.6663331665832914 0.0 0.0 -0.00405404167640368
2.668834417208604 0.0 0.0 -0.0040593841122862065
2.671335667833917 0.0 0.0 -0.004064811334144622
2.6738369184592297 0.0 0.0 -0.0040703235712204085
2.6763381690845423 0.0 0.0 -0.004075921056490015
2.678839419709855 0.0 0.0 -0.004081604026681299
2.6813406703351674 0.0 0.0 -0.004087372722290251
2.68384192096048 0.0 0.0 -0.004093227387597974
2.6863431715857926 0.0 0.0 -0.004099168270687967
2.6888444222111056 0.0 0.0 -0.004105195623463672
2.6913456728364182 0.0 0.0 -0.004111309701666309
2.693846923461731 0.0 0.0 -0.004117510764893003
2.6963481740870434 0.0 0.0 -0.004123799076615183
2.698849424712356 0.0 0.0 -0.004130174904197279
2.7013506753376686 0.0 0.0 -0.00413663851891571
2.7038519259629816 0.0 0.0 -0.004143190195978152
2.706353176588294 0.0 0.0 -0.004149830214543119
2.708854427213607 0.0 0.0 -0.004156558857739816
2.7113556778389194 0.0 0.0 -0.004163376412688319
2.713856928464232 0.0 0.0 -0.004170283170520023
2.7163581790895446 0.0 0.0 -0.0041772794263984165
2.718859429714857 0.0 0.0 -0.00418436547954015
2.72136068034017 0.0 0.0 -0.004191541633236413
2.723861930965483 0.0 0.0 -0.004198808194874609
2.7263631815907954 0.0 0.0 -0.004206165475960363
2.728864432216108 0.0 0.0 -0.004213613792139823
2.7313656828414206 0.0 0.0 -0.004221153463222282
2.733866933466733 0.0 0.0 -0.00422878481320312
2.7363681840920457 0.0 0.0 -0.004236508170287059
2.7388694347173588 0.0 0.0 -0.0042443238669117485
2.7413706853426714 0.0 0.0 -0.00425223223977167
2.743871935967984 0.0 0.0 -0.004260233629842374
2.7463731865932965 0.0 0.0 -0.004268328382405031
2.748874437218609 0.0 0.0 -0.004276516847071336
2.7513756878439217 0.0 0.0 -0.0042847993778087345
2.7538769384692348 0.0 0.0 -0.004293176332965982
2.7563781890945473 0.0 0.0 -0.004301648075299054
2.75887943971986 0.0 0.0 -0.00431021497199739
2.7613806903451725 0.0 0.0 -0.004318877394710484
2.763881940970485 0.0 0.0 -0.004327635719574829
2.7663831915957977 0.0 0.0 -0.0043364903272411996
2.7688844422211103 0.0 0.0 -0.004345441602902297
2.7713856928464233 0.0 0.0 -0.004354489936320748
2.773886943471736 0.0 0.0 -0.004363635721857458
2.7763881940970485 0.0 0.0 -0.004372879358500333
2.778889444722361 0.0 0.0 -0.004382221249893369
2.7813906953476737 0.0 0.0 -0.004391661804366084
2.7838919459729863 0.0 0.0 -0.004401201434963361
2.786393196598299 0.0 0.0 -0.004410840559475626
2.788894447223612 0.0 0.0 -0.004420579600469434
2.7913956978489245 0.0 0.0 -0.004430418985318399
2.793896948474237 0.0 0.0 -0.004440359146234556
2.7963981990995497 0.0 0.0 -0.004450400520300062
2.7988994497248623 0.0 0.0 -0.004460543549499312
2.801400700350175 0.0 0.0 -0.0044707886807514394
2.8039019509754874 0.0 0.0 -0.004481136365943226
2.8064032016008005 0.0 0.0 -0.004491587061962381
2.808904452226113 0.0 0.0 -0.004502141230731258
2.8114057028514257 0.0 0.0 -0.004512799339240958
2.8139069534767382 0.0 0.0 -0.00452356185958585
2.816408204102051 0.0 0.0 -0.004534429268998497
2.8189094547273634 0.0 0.0 -0.004545402049885008
2.8214107053526765 0.0 0.0 -0.004556480689860805
2.823911955977989 0.0 0.0 -0.004567665681786815
2.8264132066033016 0.0 0.0 -0.004578957523806099
2.8289144572286142 0.0 0.0 -0.004590356719380894
2.831415707853927 0.0 0.0 -0.004601863777330112
2.8339169584792394 0.0 0.0 -0.0046134792118672635
2.836418209104552 0.0 0.0 -0.0046252035426388284
2.838919459729865 0.0 0.0 -0.004637037294763082
2.8414207103551776 0.0 0.0 -0.004648980998869354
2.84392196098049 0.0 0.0 -0.004661035191137768
2.846423211605803 0.0 0.0 -0.0046732004133394215
2.8489244622311154 0.0 0.0 -0.004685477212877033
2.851425712856428 0.0 0.0 -0.0046978661428260645
2.8539269634817406 0.0 0.0 -0.004710367761976312
2.8564282141070536 0.0 0.0 -0.004722982634873967
2.858929464732366 0.0 0.0 -0.004735711331864163
2.861430715357679 0.0 0.0 -0.004748554429134017
2.8639319659829914 0.0 0.0 -0.004761512508756144
2.866433216608304 0.0 0.0 -0.004774586158732676
2.8689344672336166 0.0 0.0 -0.004787775973039778
2.8714357178589296 0.0 0.0 -0.004801082551672666
2.873936968484242 0.0 0.0 -0.0048145065006911306
2.8764382191095548 0.0 0.0 -0.004828048432265578
2.8789394697348674 0.0 0.0 -0.004841708964723598
2.88144072036018 0.0 0.0 -0.004855488722597025
2.8839419709854925 0.0 0.0 -0.004869388336669556
2.886443221610805 0.0 0.0 -0.004883408444024888
2.888944472236118 0.0 0.0 -0.004897549688095395
2.8914457228614308 0.0 0.0 -0.004911812718711339
2.8939469734867433 0.0 0.0 -0.004926198192150642
2.896448224112056 0.0 0.0 -0.004940706771189206
2.8989494747373685 0.0 0.0 -0.0049553391251517835
2.901450725362681 0.0 0.0 -0.0049700959299634195
2.9039519759879937 0.0 0.0 -0.004984977868201452
2.9064532266133067 0.0 0.0 -0.004999985629148107
2.9089544772386193 0.0 0.0 -0.005015119908843638
2.911455727863932 0.0 0.0 -0.005030381410140086
2.9139569784892445 0.0 0.0 -0.005045770842755613
2.916458229114557 0.0 0.0 -0.005061288923329422
2.9189594797398697 0.0 0.0 -0.005076936375477303
2.9214607303651827 0.0 0.0 -0.005092713929847761
2.9239619809904953 0.0 0.0 -0.005108622324178766
2.926463231615808 0.0 0.0 -0.0051246623033551425
2.9289644822411205 0.0 0.0 -0.005140834619466549
2.931465732866433 0.0 0.0 -0.005157140031866104
2.9339669834917457 0.0 0.0 -0.005173579307229673
2.9364682341170583 0.0 0.0 -0.005190153219615741
2.9389694847423713 0.0 0.0 -0.005206862550526002
2.941470735367684 0.0 0.0 -0.005223708088966543
2.9439719859929965 0.0 0.0 -0.005240690631509741
2.946473236618309 0.0 0.0 -0.0052578109823567965
2.9489744872436217 0.0 0.0 -0.005275069953400947
2.9514757378689342 0.0 0.0 -0.005292468364291376
2.953976988494247 0.0 0.0 -0.005310007042497782
2.95647823911956 0.0 0.0 -0.005327686823375678
2.9589794897448725 0.0 0.0 -0.0053455085502323646
2.961480740370185 0.0 0.0 -0.005363473074393618
2.9639819909954976 0.0 0.0 -0.005381581255271103
2.9664832416208102 0.0 0.0 -0.005399833960430497
2.968984492246123 0.0 0.0 -0.005418232065660343
2.971485742871436 0.0 0.0 -0.005436776455041648
2.9739869934967484 0.0 0.0 -0.005455468021018208
2.976488244122061 0.0 0.0 -0.0054743076644676964
2.9789894947473736 0.0 0.0 -0.005493296294773526
2.981490745372686 0.0 0.0 -0.005512434829897429
2.983991995997999 0.0 0.0 -0.005531724196452856
2.9864932466233114 0.0 0.0 -0.005551165329779126
2.9889944972486244 0.0 0.0 -0.005570759174016388
2.991495747873937 0.0 0.0 -0.005590506682181341
2.9939969984992496 0.0 0.0 -0.005610408816243809
2.996498249124562 0.0 0.0 -0.005630466547204077
2.998999499749875 0.0 0.0 -0.005650680855171074
3.0015007503751874 0.0 0.0 -0.005671052729441377
3.0040020010005 0.0 0.0 -0.0056915831685790405
3.006503251625813 0.0 0.0 -0.005712273180496281
3.0090045022511256 0.0 0.0 -0.005733123782535002
3.011505752876438 0.0 0.0 -0.005754136001549189
3.0140070035017508 0.0 0.0 -0.005775310873988166
3.0165082541270634 0.0 0.0 -0.005796649445980727
3.019009504752376 0.0 0.0 -0.00581815277342014
3.0215107553776885 0.0 0.0 -0.005839821922050078
3.0240120060030016 0.0 0.0 -0.00586165796755142
3.026513256628314 0.0 0.0 -0.00588366199562995
3.0290145072536268 0.0 0.0 -0.005905835102105042
3.0315157578789393 0.0 0.0 -0.005928178392999194
3.034017008504252 0.0 0.0 -0.005950692984628537
3.0365182591295645 0.0 0.0 -0.005973380003694298
3.0390195097548776 0.0 0.0 -0.005996240587375193
3.04152076038019 0.0 0.0 -0.006019275883420791
3.0440220110055027 0.0 0.0 -0.00604248705024588
3.0465232616308153 0.0 0.0 -0.006065875257025768
3.049024512256128 0.0 0.0 -0.006089441683792609
3.0515257628814405 0.0 0.0 -0.006113187521532725
3.054027013506753 0.0 0.0 -0.006137113972284924
3.056528264132066 0.0 0.0 -0.006161222249239867
3.0590295147573787 0.0 0.0 -0.006185513576840423
3.0615307653826913 0.0 0.0 -0.006209989190883111
3.064032016008004 0.0 0.0 -0.006234650338620571
3.0665332666333165 0.0 0.0 -0.006259498278865077
3.069034517258629 0.0 0.0 -0.0062845342820931445
3.0715357678839417 0.0 0.0 -0.006309759630551218
3.0740370185092547 0.0 0.0 -0.006335175618362436
3.0765382691345673 0.0 0.0 -0.006360783551634484
3.07903951975988 0.0 0.0 -0.00638658474856861
3.0815407703851925 0.0 0.0 -0.006412580539569693
3.084042021010505 0.0 0.0 -0.006438772267357502
3.0865432716358177 0.0 0.0 -0.006465161287079049
3.0890445222611307 0.0 0.0 -0.006491748966422136
3.0915457728864433 0.0 0.0 -0.006518536685730026
3.094047023511756 0.0 0.0 -0.00654552583811732
3.0965482741370685 0.0 0.0 -0.006572717829587016
3.099049524762381 0.0 0.0 -0.006600114079148723
3.1015507753876936 0.0 0.0 -0.006627716018938147
3.1040520260130062 0.0 0.0 -0.006655525094337729
3.1065532766383193 0.0 0.0 -0.006683542764098573
3.109054527263632 0.0 0.0 -0.006711770500463541
3.1115557778889444 0.0 0.0 -0.006740209789291683
3.114057028514257 0.0 0.0 -0.00676886213018386
3.1165582791395696 0.0 0.0 -0.006797729036609669
3.119059529764882 0.0 0.0 -0.006826812036035665
3.121560780390195 0.0 0.0 -0.006856112670054838
3.124062031015508 0.0 0.0 -0.006885632494517448
3.1265632816408204 0.0 0.0 -0.0069153730796631275
3.129064532266133 0.0 0.0 -0.006945336010254367
3.1315657828914456 0.0 0.0 -0.006975522885711304
3.134067033516758 0.0 0.0 -0.007005935320247864
3.136568284142071 0.0 0.0 -0.007036574943009317
3.139069534767384 0.0 0.0 -0.007067443398211133
3.1415707853926964 0.0 0.0 -0.007098542345279282
3.144072036018009 0.0 0.0 -0.007129873458991925
3.1465732866433216 0.0 0.0 -0.007161438429622529
3.149074537268634 0.0 0.0 -0.007193238963084349
3.1515757878939468 0.0 0.0 -0.007225276781076417
3.1540770385192594 0.0 0.0 -0.0072575536212309355
3.1565782891445724 0.0 0.0 -0.007290071237262159
3.159079539769885 0.0 0.0 -0.007322831399116692
3.1615807903951976 0.0 0.0 -0.007355835893125361
3.16408204102051 0.0 0.0 -0.00738908652215651
3.1665832916458228 0.0 0.0 -0.007422585105770821
3.1690845422711353 0.0 0.0 -0.007456333480377643
3.171585792896448 0.0 0.0 -0.007490333499392919
3.174087043521761 0.0 0.0 -0.0075245870333985505
3.1765882941470736 0.0 0.0 -0.007559095970303388
3.179089544772386 0.0 0.0 -0.0075938622155057945
3.1815907953976987 0.0 0.0 -0.0076288876920577375
3.1840920460230113 0.0 0.0 -0.007664174340830523
3.186593296648324 0.0 0.0 -0.007699724120682089
3.189094547273637 0.0 0.0 -0.0077355390086259555
3.1915957978989495 0.0 0.0 -0.007771621000001764
3.194097048524262 0.0 0.0 -0.007807972108647469
3.1965982991495747 0.0 0.0 -0.007844594367073205
3.1990995497748873 0.0 0.0 -0.007881489826636766
3.2016008004002 0.0 0.0 -0.007918660557720796
3.2041020510255125 0.0 0.0 -0.007956108649911631
3.2066033016508255 0.0 0.0 -0.00799383621217989
3.209104552276138 0.0 0.0 -0.0080318453730627
3.2116058029014507 0.0 0.0 -0.008070138280847697
3.2141070535267633 0.0 0.0 -0.008108717103758739
3.216608304152076 0.0 0.0 -0.00814758403014335
3.2191095547773885 0.0 0.0 -0.008186741268661923
3.221610805402701 0.0 0.0 -0.00822619104847867
3.224112056028014 0.0 0.0 -0.008265935619454374
3.2266133066533267 0.0 0.0 -0.008305977252340868
3.2291145572786393 0.0 0.0 -0.008346318238977395
3.231615807903952 0.0 0.0 -0.008386960892488676
3.2341170585292645 0.0 0.0 -0.008427907547484851
3.236618309154577 0.0 0.0 -0.008469160560263202
3.2391195597798896 0.0 0.0 -0.00851072230901176
3.2416208104052027 0.0 0.0 -0.008552595194014684
3.2441220610305153 0.0 0.0 -0.008594781637859535
3.246623311655828 0.0 0.0 -0.008637284085646403
3.2491245622811404 0.0 0.0 -0.0086801050051989
3.251625812906453 0.0 0.0 -0.008723246887277002
3.2541270635317656 0.0 0.0 -0.008766712245791803
3.2566283141570787 0.0 0.0 -0.008810503618022152
3.2591295647823912 0.0 0.0 -0.00885462356483315
3.261630815407704 0.0 0.0 -0.00889907467089664
3.2641320660330164 0.0 0.0 -0.008943859544913505
3.266633316658329 0.0 0.0 -0.008988980819837936
3.2691345672836416 0.0 0.0 -0.009034441153103622
3.271635817908954 0.0 0.0 -0.009080243226851853
3.2741370685342672 0.0 0.0 -0.009126389748161573
3.27663831915958 0.0 0.0 -0.009172883449281312
3.2791395697848924 0.0 0.0 -0.009219727087863163
3.281640820410205 0.0 0.0 -0.009266923447198608
3.2841420710355176 0.0 0.0 -0.009314475336456341
3.28664332166083 0.0 0.0 -0.009362385590921988
3.2891445722861428 0.0 0.0 -0.009410657072239884
3.291645822911456 0.0 0.0 -0.009459292668656655
3.2941470735367684 0.0 0.0 -0.009508295295266868
3.296648324162081 0.0 0.0 -0.009557667894260607
3.2991495747873936 0.0 0.0 -0.009607413435172968
3.301650825412706 0.0 0.0 -0.009657534915135524
3.3041520760380187 0.0 0.0 -0.00970803535912974
3.306653326663332 0.0 0.0 -0.00975891782024237
3.3091545772886444 0.0 0.0 -0.009810185379922648
3.311655827913957 0.0 0.0 -0.009861841148241662
3.3141570785392696 0.0 0.0 -0.009913888264153426
3.316658329164582 0.0 0.0 -0.009966329895758018
3.3191595797898947 0.0 0.0 -0.01001916924056654
3.3216608304152073 0.0 0.0 -0.010072409525768086
3.3241620810405204 0.0 0.0 -0.010126054008498541
3.326663331665833 0.0 0.0 -0.01018010597611126
3.3291645822911455 0.0 0.0 -0.010234568746449669
3.331665832916458 0.0 0.0 -0.010289445668121728
3.3341670835417707 0.0 0.0 -0.010344740120776215
3.3366683341670833 0.0 0.0 -0.010400455515380847
3.339169584792396 0.0 0.0 -0.01045659529450223
3.341670835417709 0.0 0.0 -0.010513162932587684
3.3441720860430215 0.0 0.0 -0.010570161936248624
3.346673336668334 0.0 0.0 -0.010627595844546036
3.3491745872936467 0.0 0.0 -0.010685468229277396
3.3516758379189593 0.0 0.0 -0.010743782695265464
3.354177088544272 0.0 0.0 -0.010802542880648733
3.356678339169585 0.0 0.0 -0.010861752457173527
3.3591795897948975 0.0 0.0 -0.010921415130487706
3.36168084042021 0.0 0.0 -0.010981534640436094
3.3641820910455227 0.0 0.0 -0.011042114761357337
3.3666833416708353 0.0 0.0 -0.011103159302382374
3.369184592296148 0.0 0.0 -0.011164672107734397
3.3716858429214605 0.0 0.0 -0.011226657057030283
3.3741870935467735 0.0 0.0 -0.011289118065583414
3.376688344172086 0.0 0.0 -0.011352059084707893
3.3791895947973987 0.0 0.0 -0.01141548410202414
3.3816908454227113 0.0 0.0 -0.0114793971417657
3.384192096048024 0.0 0.0 -0.01154380226508735
3.3866933466733364 0.0 0.0 -0.011608703570374317
3.389194597298649 0.0 0.0 -0.011674105193552716
3.391695847923962 0.0 0.0 -0.011740011308400971
3.3941970985492746 0.0 0.0 -0.011806426126862293
3.3966983491745872 0.0 0.0 -0.011873353899358119
3.3991995997999 0.0 0.0 -0.011940798915102366
3.4017008504252124 0.0 0.0 -0.012008765502416533
3.404202101050525 0.0 0.0 -0.012077258029045546
3.406703351675838 0.0 0.0 -0.012146280902474224
3.4092046023011506 0.0 0.0 -0.012215838570244322
3.4117058529264632 0.0 0.0 -0.012285935520272115
3.414207103551776 0.0 0.0 -0.01235657628116632
3.4167083541770884 0.0 0.0 -0.012427765422546344
3.419209604802401 0.0 0.0 -0.012499507555360766
3.4217108554277136 0.0 0.0 -0.012571807332205908
3.4242121060530266 0.0 0.0 -0.012644669447644426
3.426713356678339 0.0 0.0 -0.012718098638523757
3.429214607303652 0.0 0.0 -0.012792099684294416
3.4317158579289644 0.0 0.0 -0.012866677407327911
3.434217108554277 0.0 0.0 -0.012941836673234166
3.4367183591795896 0.0 0.0 -0.013017582391178421
3.439219609804902 0.0 0.0 -0.013093919514197345
3.441720860430215 0.0 0.0 -0.013170853039514327
3.444222111055528 0.0 0.0 -0.013248388008853643
3.4467233616808404 0.0 0.0 -0.013326529508753638
3.449224612306153 0.0 0.0 -0.013405282670878411
3.4517258629314655 0.0 0.0 -0.013484652672328064
3.454227113556778 0.0 0.0 -0.013564644735947332
3.4567283641820907 0.0 0.0 -0.013645264130632256
3.4592296148074038 0.0 0.0 -0.013726516171634914
3.4617308654327164 0.0 0.0 -0.013808406220865906
3.464232116058029 0.0 0.0 -0.013890939687194383
3.4667333666833415 0.0 0.0 -0.013974122026745465
3.469234617308654 0.0 0.0 -0.014057958743194767
3.4717358679339667 0.0 0.0 -0.014142455388059893
3.4742371185592797 0.0 0.0 -0.014227617560988544
3.4767383691845923 0.0 0.0 -0.014313450910043091
3.479239619809905 0.0 0.0 -0.014399961131981389
3.4817408704352175 0.0 0.0 -0.014487153972533423
3.48424212106053 0.0 0.0 -0.014575035226673591
3.4867433716858427 0.0 0.0 -0.014663610738888456
3.4892446223111553 0.0 0.0 -0.014752886403439427
3.4917458729364683 0.0 0.0 -0.01484286816462033
3.494247123561781 0.0 0.0 -0.014933562017009216
3.4967483741870935 0.0 0.0 -0.015024974005714587
3.499249624812406 0.0 0.0 -0.01511711022661509
3.5017508754377187 0.0 0.0 -0.015209976826592754
3.5042521260630313 0.0 0.0 -0.015303580003759287
3.506753376688344 0.0 0.0 -0.015397926007674978
3.509254627313657 0.0 0.0 -0.015493021139559925
3.5117558779389695 0.0 0.0 -0.015588871752496966
3.514257128564282 0.0 0.0 -0.015685484251626237
3.5167583791895947 0.0 0.0 -0.015782865094330592
3.5192596298149073 0.0 0.0 -0.015881020790411513
3.52176088044022 0.0 0.0 -0.015979957902255162
3.524262131065533 0.0 0.0 -0.016079683044987903
3.5267633816908455 0.0 0.0 -0.016180202886620854
3.529264632316158 0.0 0.0 -0.01628152414818308
3.5317658829414706 0.0 0.0 -0.016383653603842557
3.5342671335667832 0.0 0.0 -0.01648659808101468
3.536768384192096 0.0 0.0 -0.016590364460457422
3.5392696348174084 0.0 0.0 -0.01669495967635287
3.5417708854427215 0.0 0.0 -0.016800390716374066
3.544272136068034 0.0 0.0 -0.016906664621736928
3.5467733866933466 0.0 0.0 -0.017013788487236364
3.549274637318659 0.0 0.0 -0.01712176946126581
3.551775887943972 0.0 0.0 -0.017230614745819533
3.5542771385692844 0.0 0.0 -0.01734033159647708
3.556778389194597 0.0 0.0 -0.017450927322368803
3.55927963981991 0.0 0.0 -0.0175624092861219
3.5617808904452226 0.0 0.0 -0.017674784903785927
3.564282141070535 0.0 0.0 -0.017788061644737143
3.566783391695848 0.0 0.0 -0.017902247031560566
3.5692846423211604 0.0 0.0 -0.018017348639908837
3.571785892946473 0.0 0.0 -0.018133374098337093
3.574287143571786 0.0 0.0 -0.018250331088112616
3.5767883941970986 0.0 0.0 -0.018368227342998325
3.579289644822411 0.0 0.0 -0.018487070649009115
3.5817908954477238 0.0 0.0 -0.018606868844139778
3.5842921460730364 0.0 0.0 -0.01872762981806335
3.586793396698349 0.0 0.0 -0.018849361511798866
3.5892946473236615 0.0 0.0 -0.01897207191734705
3.5917958979489746 0.0 0.0 -0.019095769077292872
3.594297148574287 0.0 0.0 -0.019220461084373346
3.5967983991995998 0.0 0.0 -0.019346156081009667
3.5992996498249124 0.0 0.0 -0.019472862258801682
3.601800900450225 0.0 0.0 -0.019600587857983673
3.6043021510755375 0.0 0.0 -0.019729341166839682
3.60680340170085 0.0 0.0 -0.019859130521076872
3.609304652326163 0.0 0.0 -0.019989964303155364
3.6118059029514757 0.0 0.0 -0.02012185094157249
3.6143071535767883 0.0 0.0 -0.020254798910100357
3.616808404202101 0.0 0.0 -0.020388816726974176
3.6193096548274135 0.0 0.0 -0.020523912954029944
3.621810905452726 0.0 0.0 -0.02066009619578938
3.624312156078039 0.0 0.0 -0.020797375098490112
3.6268134067033517 0.0 0.0 -0.020935758349058788
3.6293146573286643 0.0 0.0 -0.02107525467402554
3.631815907953977 0.0 0.0 -0.02121587283837679
3.6343171585792895 0.0 0.0 -0.021357621644344633
3.636818409204602 0.0 0.0 -0.021500509930130137
3.6393196598299147 0.0 0.0 -0.021644546568558094
3.6418209104552277 0.0 0.0 -0.021789740465660776
3.6443221610805403 0.0 0.0 -0.021936100559187686
3.646823411705853 0.0 0.0 -0.02208363581703901
3.6493246623311655 0.0 0.0 -0.022232355235619474
3.651825912956478 0.0 0.0 -0.02238226783810975
3.6543271635817907 0.0 0.0 -0.022533382672652567
3.6568284142071033 0.0 0.0 -0.02268570881044995
3.6593296648324163 0.0 0.0 -0.02283925534376861
3.661830915457729 0.0 0.0 -0.022994031383849832
3.6643321660830415 0.0 0.0 -0.02315004605872053
3.666833416708354 0.0 0.0 -0.023307308510901653
3.6693346673336666 0.0 0.0 -0.023465827895010102
3.6718359179589792 0.0 0.0 -0.023625613375250397
3.674337168584292 0.0 0.0 -0.023786674122791868
3.676838419209605 0.0 0.0 -0.023949019313027294
3.6793396698349174 0.0 0.0 -0.024112658122708224
3.68184092046023 0.0 0.0 -0.02427759972695332
3.6843421710855426 0.0 0.0 -0.024443853296123794
3.686843421710855 0.0 0.0 -0.02461142799256226
3.689344672336168 0.0 0.0 -0.024780332967189164
3.691845922961481 0.0 0.0 -0.024950577355952012
3.6943471735867934 0.0 0.0 -0.025122170276121677
3.696848424212106 0.0 0.0 -0.02529512082243064
3.6993496748374186 0.0 0.0 -0.025469438063046825
3.701850925462731 0.0 0.0 -0.02564513103537735
3.704352176088044 0.0 0.0 -0.02582220874169602
3.7068534267133564 0.0 0.0 -0.02600068014458785
3.7093546773386694 0.0 0.0 -0.026180554162204193
3.711855927963982 0.0 0.0 -0.026361839663321323
3.7143571785892946 0.0 0.0 -0.026544545462195625
3.716858429214607 0.0 0.0 -0.026728680313207655
3.7193596798399198 0.0 0.0 -0.02691425290528739
3.7218609304652324 0.0 0.0 -0.027101271856112937
3.724362181090545 0.0 0.0 -0.027289745706074266
3.726863431715858 0.0 0.0 -0.027479682911993323
3.7293646823411706 0.0 0.0 -0.027671091840591674
3.731865932966483 0.0 0.0 -0.027863980761696928
3.7343671835917958 0.0 0.0 -0.02805835784117746
3.7368684342171083 0.0 0.0 -0.028254231133596614
3.739369684842421 0.0 0.0 -0.02845160857457523
3.741870935467734 0.0 0.0 -0.028650497972852615
3.7443721860930466 0.0 0.0 -0.028850907002034278
3.746873436718359 0.0 0.0 -0.029052843192015742
3.7493746873436717 0.0 0.0 -0.029256313920069967
3.7518759379689843 0.0 0.0 -0.029461326401586378
3.754377188594297 0.0 0.0 -0.029667887680448916
3.7568784392196095 0.0 0.0 -0.029876004619039723
3.7593796898449225 0.0 0.0 -0.03008568388785492
3.761880940470235 0.0 0.0 -0.030296931954718175
3.7643821910955477 0.0 0.0 -0.03050975507357761
3.7668834417208603 0.0 0.0 -0.030724159272870616
3.769384692346173 0.0 0.0 -0.030940150343440696
3.7718859429714855 0.0 0.0 -0.031157733825990342
3.774387193596798 0.0 0.0 -0.03137691499805249
3.776888444222111 0.0 0.0 -0.031597698860463284
3.7793896948474237 0.0 0.0 -0.031820090123317595
3.7818909454727363 0.0 0.0 -0.03204409319138865
3.784392196098049 0.0 0.0 -0.03226971214899191
3.7868934467233615 0.0 0.0 -0.032496950744272696
3.789394697348674 0.0 0.0 -0.03272581237289673
3.791895947973987 0.0 0.0 -0.03295630006112131
3.7943971985992997 0.0 0.0 -0.03318841644822448
3.7968984492246123 0.0 0.0 -0.03342216376826885
3.799399699849925 0.0 0.0 -0.03365754383117492
3.8019009504752375 0.0 0.0 -0.03389455800307901
3.80440220110055 0.0 0.0 -0.03413320718594929
3.8069034517258626 0.0 0.0 -0.0343734917964322
3.8094047023511757 0.0 0.0 -0.03461541174390144
3.8119059529764883 0.0 0.0 -0.03485896640767917
3.814407203601801 0.0 0.0 -0.03510415461339992
3.8169084542271134 0.0 0.0 -0.03535097460848423
3.819409704852426 0.0 0.0 -0.035599424036689864
3.8219109554777386 0.0 0.0 -0.035849499911706065
3.824412206103051 0.0 0.0 -0.036101198589755204
3.8269134567283642 0.0 0.0 -0.03635451574116517
3.829414707353677 0.0 0.0 -0.03660944632087364
3.8319159579789894 0.0 0.0 -0.03686598453782539
3.834417208604302 0.0 0.0 -0.03712412382322021
3.8369184592296146 0.0 0.0 -0.03738385679756918
3.839419709854927 0.0 0.0 -0.03764517523651478
3.8419209604802402 0.0 0.0 -0.03790807003536803
3.844422211105553 0.0 0.0 -0.03817253117231512
3.8469234617308654 0.0 0.0 -0.03843854767024349
3.849424712356178 0.0 0.0 -0.03870610755713513
3.8519259629814906 0.0 0.0 -0.03897519782497367
3.854427213606803 0.0 0.0 -0.03924580438710898
3.8569284642321158 0.0 0.0 -0.039517912034021316
3.859429714857429 0.0 0.0 -0.03979150438742459
3.8619309654827414 0.0 0.0 -0.040066563852645405
3.864432216108054 0.0 0.0 -0.04034307156921383
3.8669334667333666 0.0 0.0 -0.040621007359596825
3.869434717358679 0.0 0.0 -0.04090034967600447
3.8719359679839918 0.0 0.0 -0.04118107554519574
3.8744372186093043 0.0 0.0 -0.04146316051120766
3.8769384692346174 0.0 0.0 -0.04174657857592842
3.87943971985993 0.0 0.0 -0.04203130213743262
3.8819409704852426 0.0 0.0 -0.04231730192599282
3.884442221110555 0.0 0.0 -0.04260454693767856
3.8869434717358677 0.0 0.0 -0.04289300436545016
3.8894447223611803 0.0 0.0 -0.0431826395276516
3.891945972986493 0.0 0.0 -0.043473415793801984
3.894447223611806 0.0 0.0 -0.043765294507581994
3.8969484742371185 0.0 0.0 -0.04405823490690658
3.899449724862431 0.0 0.0 -0.04435219404097247
3.9019509754877437 0.0 0.0 -0.04464712668416205
3.9044522261130563 0.0 0.0 -0.04494298524668291
3.906953476738369 0.0 0.0 -0.045239719681815976
3.909454727363682 0.0 0.0 -0.04553727738964045
3.9119559779889945 0.0 0.0 -0.04583560311709827
3.914457228614307 0.0 0.0 -0.04613463885425593
3.9169584792396197 0.0 0.0 -0.046434323726614275
3.9194597298649323 0.0 0.0 -0.046734593883312345
3.921960980490245 0.0 0.0 -0.04703538238106415
3.9244622311155575 0.0 0.0 -0.04733661906366077
3.9269634817408705 0.0 0.0 -0.04763823043686362
3.929464732366183 0.0 0.0 -0.04794013953850698
3.9319659829914957 0.0 0.0 -0.0482422658036215
3.9344672336168083 0.0 0.0 -0.048544524924380904
3.936968484242121 0.0 0.0 -0.048846828704667604
3.9394697348674335 0.0 0.0 -0.0491490849090436
3.941970985492746 0.0 0.0 -0.04945119710590429
3.944472236118059 0.0 0.0 -0.049753064504583625
3.9469734867433717 0.0 0.0 -0.05005458178616925
3.9494747373686843 0.0 0.0 -0.05035563892777684
3.951975987993997 0.0 0.0 -0.050656121020021094
3.9544772386193094 0.0 0.0 -0.05095590807741085
3.956978489244622 0.0 0.0 -0.051254874841384274
3.959479739869935 0.0 0.0 -0.05155289057568745
3.9619809904952477 0.0 0.0 -0.05184981885378756
3.9644822411205602 0.0 0.0 -0.05214551733799946
3.966983491745873 0.0 0.0 -0.05243983754998899
3.9694847423711854 0.0 0.0 -0.05273262463230435
3.971985992996498 0.0 0.0 -0.053023717100569995
3.9744872436218106 0.0 0.0 -0.05331294658596336
3.9769884942471236 0.0 0.0 -0.05360013756757762
3.9794897448724362 0.0 0.0 -0.05388510709425682
3.981990995497749 0.0 0.0 -0.054167664495472584
3.9844922461230614 0.0 0.0 -0.05444761108079176
3.986993496748374 0.0 0.0 -0.054724739827466416
3.9894947473736866 0.0 0.0 -0.05499883505565591
3.991995997998999 0.0 0.0 -0.0552696720907708
3.994497248624312 0.0 0.0 -0.05553701691240503
3.996998499249625 0.0 0.0 -0.05580062578930024
3.9994997498749374 0.0 0.0 -0.05606024489976208
4.00200100050025 0.0 0.0 -0.05631560993692177
4.004502251125563 0.0 0.0 -0.05656644569821066
4.007003501750876 0.0 0.0 -0.05681246565838824
4.009504752376188 0.0 0.0 -0.0570533715254322
4.012006003001501 0.0 0.0 -0.057288852778573054
4.014507253626813 0.0 0.0 -0.05751858618771911
4.017008504252126 0.0 0.0 -0.05774223531348895
4.019509754877439 0.0 0.0 -0.05795944998702893
4.022011005502751 0.0 0.0 -0.0581698657687612
4.024512256128064 0.0 0.0 -0.05837310338516628
4.027013506753376 0.0 0.0 -0.05856876814266447
4.029514757378689 0.0 0.0 -0.058756449317621015
4.0320160080040015 0.0 0.0 -0.05893571952145156
4.0345172586293145 0.0 0.0 -0.05910613403976344
4.037018509254628 0.0 0.0 -0.059267230144414706
4.03951975987994 0.0 0.0 -0.059418526377327356
4.042021010505253 0.0 0.0 -0.05955952180483449
4.044522261130565 0.0 0.0 -0.05968969524128692
4.047023511755878 0.0 0.0 -0.059808504440587454
4.04952476238119 0.0 0.0 -0.05991538525425779
4.052026013006503 0.0 0.0 -0.060009750754581814
4.054527263631816 0.0 0.0 -0.06009099032129905
4.057028514257128 0.0 0.0 -0.06015846869025412
4.059529764882441 0.0 0.0 -0.060211524962333056
4.0620310155077535 0.0 0.0 -0.06024947157093972
4.0645322661330665 0.0 0.0 -0.060271593206185387
4.067033516758379 0.0 0.0 -0.060277145693878424
4.069534767383692 0.0 0.0 -0.06026535482731239
4.072036018009005 0.0 0.0 -0.06023541514975621
4.074537268634317 0.0 0.0 -0.060186488685452684
4.07703851925963 0.0 0.0 -0.060117703616827424
4.079539769884942 0.0 0.0 -0.060028152905502355
4.082041020510255 0.0 0.0 -0.05991689285459337
4.084542271135567 0.0 0.0 -0.05978294160965372
4.08704352176088 0.0 0.0 -0.05962527759549643
4.089544772386193 0.0 0.0 -0.059442837886000376
4.092046023011505 0.0 0.0 -0.05923451650386325
4.0945472736368185 0.0 0.0 -0.05899916264712035
4.097048524262131 0.0 0.0 -0.05873557883909631
4.099549774887444 0.0 0.0 -0.05844251899829266
4.102051025512757 0.0 0.0 -0.05811868642454985
4.104552276138069 0.0 0.0 -0.057762731697640395
4.107053526763382 0.0 0.0 -0.05737325048426515
4.109554777388694 0.0 0.0 -0.05694878124923048
4.112056028014007 0.0 0.0 -0.056487802866371194
4.114557278639319 0.0 0.0 -0.055988732124576314
4.117058529264632 0.0 0.0 -0.055449921124035934
4.119559779889945 0.0 0.0 -0.054869654557597604
4.122061030515257 0.0 0.0 -0.05424614687185838
4.12456228114057 0.0 0.0 -0.053577539302358944
4.127063531765883 0.0 0.0 -0.05286189677696574
4.129564782391196 0.0 0.0 -0.052097204681226666
4.132066033016508 0.0 0.0 -0.051281365479185125
4.134567283641821 0.0 0.0 -0.0504121951827991
4.137068534267134 0.0 0.0 -0.049487419662781036
4.139569784892446 0.0 0.0 -0.048504670793298094
4.142071035517759 0.0 0.0 -0.04746148242260066
4.144572286143071 0.0 0.0 -0.04635528616124522
4.147073536768384 0.0 0.0 -0.04518340697914063
4.149574787393696 0.0 0.0 -0.04394305860222393
4.152076038019009 0.0 0.0 -0.04263133869907176
4.154577288644322 0.0 0.0 -0.041245223847289396
4.1570785392696346 0.0 0.0 -0.03978156426896647
4.159579789894948 0.0 0.0 -0.03823707832395623
4.16208104052026 0.0 0.0 -0.036608346749152296
4.164582291145573 0.0 0.0 -0.034891806631306505
4.167083541770885 0.0 0.0 -0.03308374510031232
4.169584792396198 0.0 0.0 -0.031180292729161944
4.172086043021511 0.0 0.0 -0.029177416626100322
4.174587293646823 0.0 0.0 -0.02707091320370554
4.177088544272136 0.0 0.0 -0.0248564006088403
4.179589794897448 0.0 0.0 -0.022529310796578966
4.182091045522761 0.0 0.0 -0.02008488123028827
4.1845922961480735 0.0 0.0 -0.01751814618913642
4.1870935467733865 0.0 0.0 -0.014823927663261766
4.1895947973986996 0.0 0.0 -0.011996825815823722
4.192096048024012 0.0 0.0 -0.009031208989998265
4.194597298649325 0.0 0.0 -0.005921203237833303
4.197098549274637 0.0 0.0 -0.0026606813466315033
4.19959979989995 0.0 0.0 0.0007567486628184047
4.202101050525263 0.0 0.0 0.004337755593183592
4.204602301150575 0.0 0.0 0.008089297711245594
4.207103551775888 0.0 0.0 0.0120186360023494
4.2096048024012 0.0 0.0 0.01613334807035278
4.212106053026513 0.0 0.0 0.02044134271657815
4.2146073036518255 0.0 0.0 0.024950875233042093
4.2171085542771385 0.0 0.0 0.029670563447274197
4.2196098049024515 0.0 0.0 0.034609404558012924
4.222111055527764 0.0 0.0 0.039776792803342675
4.224612306153077 0.0 0.0 0.045182538005098666
4.227113556778389 0.0 0.0 0.05083688503581723
4.229614807403702 0.0 0.0 0.05675053425717608
4.232116058029014 0.0 0.0 0.06293466298152599
4.234617308654327 0.0 0.0 0.06940094801114559
4.23711855927964 0.0 0.0 0.07616158931283756
4.239619809904952 0.0 0.0 0.0832293348888679
4.242121060530265 0.0 0.0 0.09061750690867154
4.244622311155577 0.0 0.0 0.09834002916942605
4.2471235617808905 0.0 0.0 0.10641145595760428
4.249624812406203 0.0 0.0 0.11484700238762534
4.252126063031516 0.0 0.0 0.12366257629830818
4.254627313656829 0.0 0.0 0.13287481179233337
4.257128564282141 0.0 0.0 0.14250110450904616
4.259629814907454 0.0 0.0 0.15255964872611846
4.262131065532766 0.0 0.0 0.16306947639117278
4.264632316158079 0.0 0.0 0.17405049819056467
4.267133566783391 0.0 0.0 0.18552354676861793
4.269634817408704 0.0 0.0 0.19751042221760085
4.272136068034017 0.0 0.0 0.2100339399655886
4.274637318659329 0.0 0.0 0.2231179811972157
4.277138569284642 0.0 0.0 0.2367875459502342
4.279639819909955 0.0 0.0 0.2510688090393795
4.282141070535268 0.0 0.0 0.2659891789683577
4.28464232116058 0.0 0.0 0.2815773600002162
4.287143571785893 0.0 0.0 0.2978634175670159
4.289644822411206 0.0 0.0 0.3148788472104216
4.292146073036518 0.0 0.0 0.3326566472568553
4.294647323661831 0.0 0.0 0.3512313954431399
4.297148574287143 0.0 0.0 0.37063932972187363
4.299649824912456 0.0 0.0 0.390918433490157
4.302151075537768 0.0 0.0 0.41210852550005
4.304652326163081 0.0 0.0 0.4342513547256279
4.307153576788394 0.0 0.0 0.4573907004782716
4.3096548274137065 0.0 0.0 0.4815724780804845
4.31215607803902 0.0 0.0 0.5068448504278356
4.314657328664332 0.0 0.0 0.5332583457894076
4.317158579289645 0.0 0.0 0.5608659822196682
4.319659829914958 0.0 0.0 0.5897233989779138
4.32216108054027 0.0 0.0 0.6198889953772508
4.324662331165583 0.0 0.0 0.6514240775118209
4.327163581790895 0.0 0.0 0.6843930133397883
4.329664832416208 0.0 0.0 0.7188633966309081
4.33216608304152 0.0 0.0 0.7549062203197899
4.334667333666833 0.0 0.0 0.7925960598419749
4.337168584292146 0.0 0.0 0.8320112670668633
4.3396698349174585 0.0 0.0 0.8732341754824925
4.3421710855427715 0.0 0.0 0.9163513173298783
4.344672336168084 0.0 0.0 0.9614536534306846
4.347173586793397 0.0 0.0 1.0086368165018618
4.349674837418709 0.0 0.0 1.0580013688029306
4.352176088044022 0.0 0.0 1.109653075019083
4.354677338669335 0.0 0.0 1.1637031913428806
4.357178589294647 0.0 0.0 1.2202687717831877
4.35967983991996 0.0 0.0 1.2794729927989146
4.362181090545272 0.0 0.0 1.3414454974297134
4.364682341170585 0.0 0.0 1.4063227601763775
4.367183591795897 0.0 0.0 1.474248473968325
4.3696848424212105 0.0 0.0 1.545373960648822
4.3721860930465235 0.0 0.0 1.6198586065059657
4.374687343671836 0.0 0.0 1.6978703244845545
4.377188594297149 0.0 0.0 1.7795860448270309
4.379689844922461 0.0 0.0 1.8651922360136781
4.382191095547774 0.0 0.0 1.9548854580044446
4.384692346173086 0.0 0.0 2.048872949924278
4.387193596798399 0.0 0.0 2.1473732544871025
4.389694847423712 0.0 0.0 2.2506168816147554
4.392196098049024 0.0 0.0 2.3588470138840614
4.394697348674337 0.0 0.0 2.4723202566227966
4.397198599299649 0.0 0.0 2.591307435677972
4.399699849924962 0.0 0.0 2.716094446099641
4.402201100550275 0.0 0.0 2.846983155216511
4.404702351175588 0.0 0.0 2.9842923638353485
4.407203601800901 0.0 0.0 3.1283588295664524
4.409704852426213 0.0 0.0 3.279538356574154
4.412206103051526 0.0 0.0 3.4382069563667126
4.414707353676838 0.0 0.0 3.6047620845819415
4.417208604302151 0.0 0.0 3.779623959095668
4.419709854927464 0.0 0.0 3.963236965175216
4.422211105552776 0.0 0.0 4.156071153833056
4.424712356178089 0.0 0.0 4.358623839997696
4.427213606803401 0.0 0.0 4.571421307620108
4.429714857428714 0.0 0.0 4.795020629378078
4.4322161080540265 0.0 0.0 5.030011609222299
4.43471735867934 0.0 0.0 5.277018856645759
4.437218609304653 0.0 0.0 5.5367040022378875
4.439719859929965 0.0 0.0 5.809768064830262
4.442221110555278 0.0 0.0 6.096953981339601
4.44472236118059 0.0 0.0 6.399049311282245
4.447223611805903 0.0 0.0 6.716889128877752
4.449724862431215 0.0 0.0 7.0513591166729945
4.452226113056528 0.0 0.0 7.403398875729208
4.454727363681841 0.0 0.0 7.774005468604988
4.457228614307153 0.0 0.0 8.164237212673973
4.459729864932466 0.0 0.0 8.575217742721481
4.4622311155577785 0.0 0.0 9.008140363294086
4.4647323661830915 0.0 0.0 9.464272712942941
4.467233616808404 0.0 0.0 9.944961764298675
4.469734867433717 0.0 0.0 10.451639185886481
4.47223611805903 0.0 0.0 10.985827093713292
4.474737368684342 0.0 0.0 11.549144222986834
4.477238619309655 0.0 0.0 12.143312552844861
4.479739869934967 0.0 0.0 12.770164419718363
4.48224112056028 0.0 0.0 13.431650157951141
4.484742371185592 0.0 0.0 14.129846309544183
4.487243621810905 0.0 0.0 14.866964448457464
4.489744872436218 0.0 0.0 15.64536066875802
4.4922461230615305 0.0 0.0 16.467545790138217
4.4947473736868435 0.0 0.0 17.336196338926094
4.497248624312156 0.0 0.0 18.254166367736964
4.499749874937469 0.0 0.0 19.224500182417053
4.502251125562781 0.0 0.0 20.250446050912366
4.504752376188094 0.0 0.0 21.33547097527249
4.507253626813407 0.0 0.0 22.48327661514866
4.509754877438719 0.0 0.0 23.69781645900825
4.512256128064032 0.0 0.0 24.98331434786079
4.514757378689344 0.0 0.0 26.344284465689412
4.517258629314657 0.0 0.0 27.785552921094386
4.519759879939969 0.0 0.0 29.31228105591663
4.5222611305652824 0.0 0.0 30.929990629012668
4.5247623811905955 0.0 0.0 32.64459103689726
4.527263631815908 0.0 0.0 34.462408747896774
4.529764882441221 0.0 0.0 36.39021914280079
4.532266133066533 0.0 0.0 38.43528097296801
4.534767383691846 0.0 0.0 40.60537366662393
4.537268634317159 0.0 0.0 42.908837735773986
4.539769884942471 0.0 0.0 45.354618560096235
4.542271135567784 0.0 0.0 47.95231385046877
4.544772386193096 0.0 0.0 50.712225123757804
4.547273636818409 0.0 0.0 53.64541355246543
4.549774887443721 0.0 0.0 56.763760587987115
4.552276138069034 0.0 0.0 60.080033795129125
4.5547773886943475 0.0 0.0 63.60795837834309
4.55727863931966 0.0 0.0 67.3622949275232
4.559779889944973 0.0 0.0 71.35892396348933
4.562281140570285 0.0 0.0 75.6149379210886
4.564782391195598 0.0 0.0 80.14874127186694
4.56728364182091 0.0 0.0 84.98015955897141
4.569784892446223 0.0 0.0 90.13055819543148
4.572286143071536 0.0 0.0 95.62297196374514
4.574787393696848 0.0 0.0 101.48224625108664
4.577288644322161 0.0 0.0 107.73519116125468
4.579789894947473 0.0 0.0 114.41074976306605
4.582291145572786 0.0 0.0 121.54018186671648
4.5847923961980985 0.0 0.0 129.15726486591672
4.587293646823412 0.0 0.0 137.29851334658085
4.589794897448725 0.0 0.0 146.00341934387657
4.592296148074037 0.0 0.0 155.3147153313524
4.59479739869935 0.0 0.0 165.27866225055982
4.597298649324662 0.0 0.0 175.94536514023588
4.599799899949975 0.0 0.0 187.36911920385964
4.602301150575287 0.0 0.0 199.60878946642117
4.6048024012006 0.0 0.0 212.72822752026494
4.607303651825913 0.0 0.0 226.79672924956995
4.609804902451225 0.0 0.0 241.88953785950127
4.612306153076538 0.0 0.0 258.0883970243402
4.6148074037018505 0.0 0.0 275.4821595160226
4.6173086543271635 0.0 0.0 294.16745728818313
4.619809904952476 0.0 0.0 314.24943967875305
4.622311155577789 0.0 0.0 335.8425871673066
4.624812406203102 0.0 0.0 359.07160899130736
4.627313656828414 0.0 0.0 384.07243390218264
4.629814907453727 0.0 0.0 410.9933044407775
4.632316158079039 0.0 0.0 439.9959863492317
4.634817408704352 0.0 0.0 471.2571061315324
4.637318659329665 0.0 0.0 504.9696313479264
4.639819909954977 0.0 0.0 541.3445100052604
4.64232116058029 0.0 0.0 580.6124874120331
4.6448224112056025 0.0 0.0 623.0261211365064
4.6473236618309155 0.0 0.0 668.8620172753836
4.649824912456228 0.0 0.0 718.4233141494964
4.652326163081541 0.0 0.0 772.0424428426314
4.654827413706854 0.0 0.0 830.0841977419481
4.657328664332166 0.0 0.0 892.9491544907011
4.659829914957479 0.0 0.0 961.0774775963955
4.662331165582791 0.0 0.0 1034.9531654363045
4.664832416208104 0.0 0.0 1115.1087866659545
4.667333666833416 0.0 0.0 1202.1309290557228
4.669834917458729 0.0 0.0 1296.6654704150817
4.672336168084042 0.0 0.0 1399.425150135591
4.674837418709354 0.0 0.0 1511.19632952802
4.6773386693346675 0.0 0.0 1632.8474440140333
4.67983991995998 0.0 0.0 1765.3383015232555
4.682341170585293 0.0 0.0 1909.7305186729027
4.684842421210605 0.0 0.0 2067.1992444430757
4.687343671835918 0.0 0.0 2239.046342167077
4.689844922461231 0.0 0.0 2426.715224932623
4.692346173086543 0.0 0.0 2631.8075674565384
4.694847423711856 0.0 0.0 2856.102149737602
4.697348674337168 0.0 0.0 3101.5761250126598
4.699849924962481 0.0 0.0 3370.42904755957
4.702351175587793 0.0 0.0 3665.110045657515
4.704852426213106 0.0 0.0 3988.3485826770557
4.707353676838419 0.0 0.0 4343.18931613856
4.709854927463732 0.0 0.0 4733.031642239248
4.712356178089045 0.0 0.0 5161.674603638268
4.714857428714357 0.0 0.0 5633.367943407301
4.71735867933967 0.0 0.0 6152.870210598018
4.719859929964982 0.0 0.0 6725.514965902707
4.722361180590295 0.0 0.0 7357.286303074846
4.724862431215608 0.0 0.0 8054.905097435642
4.72736368184092 0.0 0.0 8825.927622137104
4.729864932466233 0.0 0.0 9678.858442015782
4.732366183091545 0.0 0.0 10623.27981124894
4.734867433716858 0.0 0.0 11670.000173451577
4.7373686843421705 0.0 0.0 12831.224801866163
4.7398699349674835 0.0 0.0 14120.752135666624
4.742371185592797 0.0 0.0 15554.199981321093
4.744872436218109 0.0 0.0 17149.26647392932
4.747373686843422 0.0 0.0 18926.031554608944
4.749874937468734 0.0 0.0 20907.305743256387
4.752376188094047 0.0 0.0 23119.03420390777
4.75487743871936 0.0 0.0 25590.76555187894
4.757378689344672 0.0 0.0 28356.196586007434
4.759879939969985 0.0 0.0 31453.80620401599
4.762381190595297 0.0 0.0 34927.59424572682
4.76488244122061 0.0 0.0 38827.94399492666
4.7673836918459225 0.0 0.0 43212.630662980366
4.7698849424712355 0.0 0.0 48148.00250748107
4.7723861930965485 0.0 0.0 53710.36646876961
4.774887443721861 0.0 0.0 59987.616535895344
4.777388694347174 0.0 0.0 67081.15072790379
4.779889944972486 0.0 0.0 75108.13190196989
4.782391195597799 0.0 0.0 84204.15895650325
4.784892446223111 0.0 0.0 94526.42885706837
4.787393696848424 0.0 0.0 106257.4868659798
4.789894947473737 0.0 0.0 119609.68313969488
4.792396198099049 0.0 0.0 134830.47939753276
4.794897448724362 0.0 0.0 152208.78082346034
4.7973986993496744 0.0 0.0 172082.50720681774
4.7998999499749875 0.0 0.0 194847.66541245097
4.8024012006003 0.0 0.0 220969.2449458994
4.804902451225613 0.0 0.0 250994.33263533085
4.807403701850926 0.0 0.0 285567.93509856757
4.809904952476238 0.0 0.0 325452.113577205
4.812406203101551 0.0 0.0 371549.1811525203
4.814907453726863 0.0 0.0 424929.89535850094
4.817408704352176 0.0 0.0 486867.8101676488
4.819909954977488 0.0 0.0 558881.2437035394
4.822411205602801 0.0 0.0 642784.689330551
4.824912456228114 0.0 0.0 740751.9708029547
4.827413706853426 0.0 0.0 855394.0468030819
4.8299149574787394 0.0 0.0 989855.1457098644
4.832416208104052 0.0 0.0 1147931.9095876187
4.834917458729365 0.0 0.0 1334221.5157182012
4.837418709354677 0.0 0.0 1554306.415633694
4.83991995997999 0.0 0.0 1814985.5071872708
4.842421210605303 0.0 0.0 2124564.397770356
4.844922461230615 0.0 0.0 2493221.145902015
4.847423711855928 0.0 0.0 2933468.780999417
4.84992496248124 0.0 0.0 3460742.4006635593
4.852426213106553 0.0 0.0 4094147.282159508
4.854927463731866 0.0 0.0 4857415.975765488
4.857428714357178 0.0 0.0 5780137.814756454
4.859929964982491 0.0 0.0 6899345.125170742
4.862431215607804 0.0 0.0 8261568.662847511
4.864932466233117 0.0 0.0 9925513.269837791
4.867433716858429 0.0 0.0 11965557.409645379
4.869934967483742 0.0 0.0 14476352.760645876
4.872436218109055 0.0 0.0 17578900.4845151
4.874937468734367 0.0 0.0 21428620.72993872
4.87743871935968 0.0 0.0 26226128.143846612
4.879939969984992 0.0 0.0 32231703.06063254
4.882441220610305 0.0 0.0 39784841.45179375
4.884942471235617 0.0 0.0 49330829.61073595
4.88744372186093 0.0 0.0 61457100.842959814
4.889944972486243 0.0 0.0 76943309.692312
4.8924462231115555 0.0 0.0 96830784.09545386
4.894947473736869 0.0 0.0 122519561.91556679
4.897448724362181 0.0 0.0 155905009.2328201
4.899949974987494 0.0 0.0 199571713.60316077
4.902451225612806 0.0 0.0 257070984.99971738
4.904952476238119 0.0 0.0 333321532.571639
4.907453726863432 0.0 0.0 435193374.1674585
4.909954977488744 0.0 0.0 572367102.3175683
4.912456228114057 0.0 0.0 758611399.3968703
4.914957478739369 0.0 0.0 1013703055.508852
4.917458729364682 0.0 0.0 1366345809.2796485
4.9199599799899945 0.0 0.0 1858661624.7425
4.9224612306153075 0.0 0.0 2553190689.4928
4.9249624812406205 0.0 0.0 3543950987.1750946
4.927463731865933 0.0 0.0 4974166624.369355
4.929964982491246 0.0 0.0 7065128092.976218
4.932466233116558 0.0 0.0 10163955383.91665
4.934967483741871 0.0 0.0 14824052468.080948
4.937468734367183 0.0 0.0 21943220261.83719
4.939969984992496 0.0 0.0 33005632022.21126
4.942471235617809 0.0 0.0 50515205922.086716
4.944972486243121 0.0 0.0 78790470446.9161
4.947473736868434 0.0 0.0 125460659343.6287
4.949974987493746 0.0 0.0 204362197997.15134
4.9524762381190595 0.0 0.0 341322186445.65564
4.954977488744372 0.0 0.0 586105076113.375
4.957478739369685 0.0 0.0 1038033391021.8965
4.959979989994998 0.0 0.0 1903271367182.6572
4.96248124062031 0.0 0.0 3629008223169.1987
4.964982491245623 0.0 0.0 7234694346164.469
4.967483741870935 0.0 0.0 15179834003171.682
4.969984992496248 0.0 0.0 33797773080154.31
4.972486243121561 0.0 0.0 80681450078807.05
4.974987493746873 0.0 0.0 209266902961363.5
4.977488744372186 0.0 0.0 600171616553658.2
4.979989994997498 0.0 0.0 1948949909809748.5
4.982491245622811 0.0 0.0 7408327061335727.0
4.984992496248124 0.0 0.0 3.4608919728298324e+16
4.987493746873437 0.0 0.0 2.142893088278327e+17
4.98999499749875 0.0 0.0 1.995724708123109e+18
4.992496248124062 0.0 0.0 3.5439533803285172e+19
4.994997498749375 0.0 0.0 2.0436221011256966e+21
4.997498749374687 0.0 0.0 2.092669031549118e+24
5.0 0.0 0.0 2000000000.0
