0.0 0.0 0.0 2000000000.0
0.050100200400801605 0.0 0.0 201315861142.04288
0.10020040080160321 0.0 0.0 196596779.73252144
0.15030060120240482 0.0 0.0 3409153.3131627548
0.20040080160320642 0.0 0.0 191942.7355822391
0.25050100200400804 0.0 0.0 20595.47694578587
0.30060120240480964 0.0 0.0 3320.104195906219
0.35070140280561124 0.0 0.0 707.6692608381727
0.40080160320641284 0.0 0.0 184.54988238569464
0.45090180360721444 0.0 0.0 55.90131679107755
0.5010020040080161 0.0 0.0 18.927308047153904
0.5511022044088176 0.0 0.0 6.939059449870616
0.6012024048096193 0.0 0.0 2.6705963488594633
0.6513026052104208 0.0 0.0 1.038656458595234
0.7014028056112225 0.0 0.0 0.3824976711911954
0.751503006012024 0.0 0.0 0.11123019853576316
0.8016032064128257 0.0 0.0 -0.0006627136912026544
0.8517034068136273 0.0 0.0 -0.044329433171969884
0.9018036072144289 0.0 0.0 -0.05833586389261167
0.9519038076152305 0.0 0.0 -0.05957331145261089
1.0020040080160322 0.0 0.0 -0.0556077012173957
1.0521042084168337 0.0 0.0 -0.04985333797815535
1.1022044088176353 0.0 0.0 -0.04382899821216664
1.1523046092184368 0.0 0.0 -0.03817482104671336
1.2024048096192386 0.0 0.0 -0.03312280231276719
1.25250501002004 0.0 0.0 -0.028718599415632085
1.3026052104208417 0.0 0.0 -0.024927145853383605
1.3527054108216434 0.0 0.0 -0.021682860856162653
1.402805611222445 0.0 0.0 -0.01891306657710751
1.4529058116232465 0.0 0.0 -0.016548367918563636
1.503006012024048 0.0 0.0 -0.01452671512609565
1.5531062124248498 0.0 0.0 -0.012794466901593539
1.6032064128256514 0.0 0.0 -0.011306097694369226
1.653306613226453 0.0 0.0 -0.010023358456236172
1.7034068136272547 0.0 0.0 -0.008914281049143274
1.7535070140280562 0.0 0.0 -0.00795220570446666
1.8036072144288577 0.0 0.0 -0.007114905715295024
1.8537074148296593 0.0 0.0 -0.006383832132698399
1.903807615230461 0.0 0.0 -0.0057434772424577955
1.9539078156312626 0.0 0.0 -0.00518084545296371
2.0040080160320644 0.0 0.0 -0.004685016925857265
2.0541082164328657 0.0 0.0 -0.004246789220420208
2.1042084168336674 0.0 0.0 -0.0038583835589629046
2.154308617234469 0.0 0.0 -0.0035132041333760322
2.2044088176352705 0.0 0.0 -0.003205640722077876
2.2545090180360723 0.0 0.0 -0.002930906578396433
2.3046092184368736 0.0 0.0 -0.0026849050171926757
2.3547094188376754 0.0 0.0 -0.0024641193578030045
2.404809619238477 0.0 0.0 -0.002265521896614828
2.4549098196392785 0.0 0.0 -0.0020864984101678892
2.50501002004008 0.0 0.0 -0.0019247853595860062
2.555110220440882 0.0 0.0 -0.0017784175072270013
2.6052104208416833 0.0 0.0 -0.001645684090949352
2.655310621242485 0.0 0.0 -0.0015250920507259018
2.705410821643287 0.0 0.0 -0.0014153350832665536
2.755511022044088 0.0 0.0 -0.0013152675264608447
2.80561122244489 0.0 0.0 -0.0012238822577748418
2.8557114228456917 0.0 0.0 -0.0011402919380040066
2.905811623246493 0.0 0.0 -0.0010637130509902881
2.9559118236472948 0.0 0.0 -0.0009934522866303491
3.006012024048096 0.0 0.0 -0.0009288948931686546
3.056112224448898 0.0 0.0 -0.0008694946889174232
3.1062124248496996 0.0 0.0 -0.0008147654759917919
3.156312625250501 0.0 0.0 -0.0007642736416411021
3.2064128256513027 0.0 0.0 -0.0007176317680940426
3.2565130260521045 0.0 0.0 -0.000674493100956825
3.306613226452906 0.0 0.0 -0.0006345467502662566
3.3567134268537075 0.0 0.0 -0.0005975135182343088
3.4068136272545093 0.0 0.0 -0.0005631422642783836
3.4569138276553106 0.0 0.0 -0.0005312067317190683
3.5070140280561124 0.0 0.0 -0.0005015027720370007
3.5571142284569137 0.0 0.0 -0.0004738459122124065
3.6072144288577155 0.0 0.0 -0.0004480692187508675
3.6573146292585172 0.0 0.0 -0.0004240214187929956
3.7074148296593186 0.0 0.0 -0.00040156524443185507
3.7575150300601203 0.0 0.0 -0.00038057597119903484
3.807615230460922 0.0 0.0 -0.0003609401257753599
3.8577154308617234 0.0 0.0 -0.00034255434145671106
3.907815631262525 0.0 0.0 -0.00032532434285964144
3.957915831663327 0.0 0.0 -0.0003091640438685583
4.008016032064129 0.0 0.0 -0.0002939947449752295
4.05811623246493 0.0 0.0 -0.00027974441799977705
4.108216432865731 0.0 0.0 -0.0002663470677580703
4.158316633266534 0.0 0.0 -0.00025374216159362964
4.208416833667335 0.0 0.0 -0.00024187411885640047
4.258517034068136 0.0 0.0 -0.00023069185341425218
4.308617234468938 0.0 0.0 -0.00022014836314954977
4.35871743486974 0.0 0.0 -0.00021020036114262558
4.408817635270541 0.0 0.0 -0.00020080794389336086
4.458917835671343 0.0 0.0 -0.00019193429249568197
4.509018036072145 0.0 0.0 -0.00018354540316970253
4.559118236472946 0.0 0.0 -0.00017560984398280982
4.609218436873747 0.0 0.0 -0.0001680985349629925
4.659318637274549 0.0 0.0 -0.00016098454913258573
4.709418837675351 0.0 0.0 0.0
4.759519038076152 0.0 0.0 0.0
4.809619238476954 0.0 0.0 0.0
4.859719438877756 0.0 0.0 0.0
4.909819639278557 0.0 0.0 0.0
4.959919839679359 0.0 0.0 0.0
5.01002004008016 0.0 0.0 0.0
5.060120240480962 0.0 0.0 0.0
5.110220440881764 0.0 0.0 0.0
5.160320641282565 0.0 0.0 0.0
5.210420841683367 0.0 0.0 0.0
5.260521042084169 0.0 0.0 0.0
5.31062124248497 0.0 0.0 0.0
5.3607214428857715 0.0 0.0 0.0
5.410821643286574 0.0 0.0 0.0
5.460921843687375 0.0 0.0 0.0
5.511022044088176 0.0 0.0 0.0
5.5611222444889785 0.0 0.0 0.0
5.61122244488978 0.0 0.0 0.0
5.661322645290581 0.0 0.0 0.0
5.711422845691383 0.0 0.0 0.0
5.761523046092185 0.0 0.0 0.0
5.811623246492986 0.0 0.0 0.0
5.861723446893787 0.0 0.0 0.0
5.9118236472945895 0.0 0.0 0.0
5.961923847695391 0.0 0.0 0.0
6.012024048096192 0.0 0.0 0.0
6.062124248496994 0.0 0.0 0.0
6.112224448897796 0.0 0.0 0.0
6.162324649298597 0.0 0.0 0.0
6.212424849699399 0.0 0.0 0.0
6.2625250501002006 0.0 0.0 0.0
6.312625250501002 0.0 0.0 0.0
6.362725450901804 0.0 0.0 0.0
6.412825651302605 0.0 0.0 0.0
6.462925851703407 0.0 0.0 0.0
6.513026052104209 0.0 0.0 0.0
6.56312625250501 0.0 0.0 0.0
6.613226452905812 0.0 0.0 0.0
6.663326653306614 0.0 0.0 0.0
6.713426853707415 0.0 0.0 0.0
6.763527054108216 0.0 0.0 0.0
6.813627254509019 0.0 0.0 0.0
6.86372745490982 0.0 0.0 0.0
6.913827655310621 0.0 0.0 0.0
6.9639278557114235 0.0 0.0 0.0
7.014028056112225 0.0 0.0 0.0
7.064128256513026 0.0 0.0 0.0
7.114228456913827 0.0 0.0 0.0
7.16432865731463 0.0 0.0 0.0
7.214428857715431 0.0 0.0 0.0
7.264529058116232 0.0 0.0 0.0
7.3146292585170345 0.0 0.0 0.0
7.364729458917836 0.0 0.0 0.0
7.414829659318637 0.0 0.0 0.0
7.464929859719439 0.0 0.0 0.0
7.515030060120241 0.0 0.0 0.0
7.565130260521042 0.0 0.0 0.0
7.615230460921844 0.0 0.0 0.0
7.6653306613226455 0.0 0.0 0.0
7.715430861723447 0.0 0.0 0.0
7.765531062124249 0.0 0.0 0.0
7.81563126252505 0.0 0.0 0.0
7.865731462925852 0.0 0.0 0.0
7.915831663326654 0.0 0.0 0.0
7.965931863727455 0.0 0.0 0.0
8.016032064128257 0.0 0.0 0.0
8.066132264529058 0.0 0.0 0.0
8.11623246492986 0.0 0.0 0.0
8.166332665330662 0.0 0.0 0.0
8.216432865731463 0.0 0.0 0.0
8.266533066132265 0.0 0.0 0.0
8.316633266533067 0.0 0.0 0.0
8.366733466933868 0.0 0.0 0.0
8.41683366733467 0.0 0.0 0.0
8.466933867735472 0.0 0.0 0.0
8.517034068136272 0.0 0.0 0.0
8.567134268537075 0.0 0.0 0.0
8.617234468937877 0.0 0.0 0.0
8.667334669338677 0.0 0.0 0.0
8.71743486973948 0.0 0.0 0.0
8.767535070140282 0.0 0.0 0.0
8.817635270541082 0.0 0.0 0.0
8.867735470941884 0.0 0.0 0.0
8.917835671342687 0.0 0.0 0.0
8.967935871743487 0.0 0.0 0.0
9.01803607214429 0.0 0.0 0.0
9.06813627254509 0.0 0.0 0.0
9.118236472945892 0.0 0.0 0.0
9.168336673346694 0.0 0.0 0.0
9.218436873747494 0.0 0.0 0.0
9.268537074148297 0.0 0.0 0.0
9.318637274549099 0.0 0.0 0.0
9.3687374749499 0.0 0.0 0.0
9.418837675350701 0.0 0.0 0.0
9.468937875751504 0.0 0.0 0.0
9.519038076152304 0.0 0.0 0.0
9.569138276553106 0.0 0.0 0.0
9.619238476953909 0.0 0.0 0.0
9.669338677354709 0.0 0.0 0.0
9.719438877755511 0.0 0.0 0.0
9.769539078156313 0.0 0.0 0.0
9.819639278557114 0.0 0.0 0.0
9.869739478957916 0.0 0.0 0.0
9.919839679358718 0.0 0.0 0.0
9.969939879759519 0.0 0.0 0.0
10.02004008016032 0.0 0.0 0.0
10.070140280561123 0.0 0.0 0.0
10.120240480961924 0.0 0.0 0.0
10.170340681362726 0.0 0.0 0.0
10.220440881763528 0.0 0.0 0.0
10.270541082164328 0.0 0.0 0.0
10.32064128256513 0.0 0.0 0.0
10.370741482965933 0.0 0.0 0.0
10.420841683366733 0.0 0.0 0.0
10.470941883767535 0.0 0.0 0.0
10.521042084168338 0.0 0.0 0.0
10.571142284569138 0.0 0.0 0.0
10.62124248496994 0.0 0.0 0.0
10.671342685370742 0.0 0.0 0.0
10.721442885771543 0.0 0.0 0.0
10.771543086172345 0.0 0.0 0.0
10.821643286573147 0.0 0.0 0.0
10.871743486973948 0.0 0.0 0.0
10.92184368737475 0.0 0.0 0.0
10.971943887775552 0.0 0.0 0.0
11.022044088176353 0.0 0.0 0.0
11.072144288577155 0.0 0.0 0.0
11.122244488977957 0.0 0.0 0.0
11.172344689378757 0.0 0.0 0.0
11.22244488977956 0.0 0.0 0.0
11.272545090180362 0.0 0.0 0.0
11.322645290581162 0.0 0.0 0.0
11.372745490981965 0.0 0.0 0.0
11.422845691382767 0.0 0.0 0.0
11.472945891783567 0.0 0.0 0.0
11.52304609218437 0.0 0.0 0.0
11.57314629258517 0.0 0.0 0.0
11.623246492985972 0.0 0.0 0.0
11.673346693386774 0.0 0.0 0.0
11.723446893787575 0.0 0.0 0.0
11.773547094188377 0.0 0.0 0.0
11.823647294589179 0.0 0.0 0.0
11.87374749498998 0.0 0.0 0.0
11.923847695390782 0.0 0.0 0.0
11.973947895791584 0.0 0.0 0.0
12.024048096192384 0.0 0.0 0.0
12.074148296593187 0.0 0.0 0.0
12.124248496993989 0.0 0.0 0.0
12.17434869739479 0.0 0.0 0.0
12.224448897795591 0.0 0.0 0.0
12.274549098196394 0.0 0.0 0.0
12.324649298597194 0.0 0.0 0.0
12.374749498997996 0.0 0.0 0.0
12.424849699398798 0.0 0.0 0.0
12.474949899799599 0.0 0.0 0.0
12.525050100200401 0.0 0.0 0.0
12.575150300601203 0.0 0.0 0.0
12.625250501002004 0.0 0.0 0.0
12.675350701402806 0.0 0.0 0.0
12.725450901803608 0.0 0.0 0.0
12.775551102204409 0.0 0.0 0.0
12.82565130260521 0.0 0.0 0.0
12.875751503006013 0.0 0.0 0.0
12.925851703406813 0.0 0.0 0.0
12.975951903807616 0.0 0.0 0.0
13.026052104208418 0.0 0.0 0.0
13.076152304609218 0.0 0.0 0.0
13.12625250501002 0.0 0.0 0.0
13.176352705410823 0.0 0.0 0.0
13.226452905811623 0.0 0.0 0.0
13.276553106212425 0.0 0.0 0.0
13.326653306613228 0.0 0.0 0.0
13.376753507014028 0.0 0.0 0.0
13.42685370741483 0.0 0.0 0.0
13.476953907815632 0.0 0.0 0.0
13.527054108216433 0.0 0.0 0.0
13.577154308617235 0.0 0.0 0.0
13.627254509018037 0.0 0.0 0.0
13.677354709418838 0.0 0.0 0.0
13.72745490981964 0.0 0.0 0.0
13.777555110220442 0.0 0.0 0.0
13.827655310621243 0.0 0.0 0.0
13.877755511022045 0.0 0.0 0.0
13.927855711422847 0.0 0.0 0.0
13.977955911823647 0.0 0.0 0.0
14.02805611222445 0.0 0.0 0.0
14.078156312625252 0.0 0.0 0.0
14.128256513026052 0.0 0.0 0.0
14.178356713426854 0.0 0.0 0.0
14.228456913827655 0.0 0.0 0.0
14.278557114228457 0.0 0.0 0.0
14.32865731462926 0.0 0.0 0.0
14.37875751503006 0.0 0.0 0.0
14.428857715430862 0.0 0.0 0.0
14.478957915831664 0.0 0.0 0.0
14.529058116232465 0.0 0.0 0.0
14.579158316633267 0.0 0.0 0.0
14.629258517034069 0.0 0.0 0.0
14.67935871743487 0.0 0.0 0.0
14.729458917835672 0.0 0.0 0.0
14.779559118236474 0.0 0.0 0.0
14.829659318637274 0.0 0.0 0.0
14.879759519038076 0.0 0.0 0.0
14.929859719438879 0.0 0.0 0.0
14.97995991983968 0.0 0.0 0.0
15.030060120240481 0.0 0.0 0.0
15.080160320641284 0.0 0.0 0.0
15.130260521042084 0.0 0.0 0.0
15.180360721442886 0.0 0.0 0.0
15.230460921843688 0.0 0.0 0.0
15.280561122244489 0.0 0.0 0.0
15.330661322645291 0.0 0.0 0.0
15.380761523046093 0.0 0.0 0.0
15.430861723446894 0.0 0.0 0.0
15.480961923847696 0.0 0.0 0.0
15.531062124248498 0.0 0.0 0.0
15.581162324649299 0.0 0.0 0.0
15.6312625250501 0.0 0.0 0.0
15.681362725450903 0.0 0.0 0.0
15.731462925851703 0.0 0.0 0.0
15.781563126252506 0.0 0.0 0.0
15.831663326653308 0.0 0.0 0.0
15.881763527054108 0.0 0.0 0.0
15.93186372745491 0.0 0.0 0.0
15.981963927855713 0.0 0.0 0.0
16.032064128256515 0.0 0.0 0.0
16.082164328657313 0.0 0.0 0.0
16.132264529058116 0.0 0.0 0.0
16.182364729458918 0.0 0.0 0.0
16.23246492985972 0.0 0.0 0.0
16.282565130260522 0.0 0.0 0.0
16.332665330661325 0.0 0.0 0.0
16.382765531062123 0.0 0.0 0.0
16.432865731462925 0.0 0.0 0.0
16.482965931863728 0.0 0.0 0.0
16.53306613226453 0.0 0.0 0.0
16.583166332665332 0.0 0.0 0.0
16.633266533066134 0.0 0.0 0.0
16.683366733466933 0.0 0.0 0.0
16.733466933867735 0.0 0.0 0.0
16.783567134268537 0.0 0.0 0.0
16.83366733466934 0.0 0.0 0.0
16.88376753507014 0.0 0.0 0.0
16.933867735470944 0.0 0.0 0.0
16.983967935871743 0.0 0.0 0.0
17.034068136272545 0.0 0.0 0.0
17.084168336673347 0.0 0.0 0.0
17.13426853707415 0.0 0.0 0.0
17.18436873747495 0.0 0.0 0.0
17.234468937875754 0.0 0.0 0.0
17.284569138276552 0.0 0.0 0.0
17.334669338677354 0.0 0.0 0.0
17.384769539078157 0.0 0.0 0.0
17.43486973947896 0.0 0.0 0.0
17.48496993987976 0.0 0.0 0.0
17.535070140280563 0.0 0.0 0.0
17.585170340681362 0.0 0.0 0.0
17.635270541082164 0.0 0.0 0.0
17.685370741482966 0.0 0.0 0.0
17.73547094188377 0.0 0.0 0.0
17.78557114228457 0.0 0.0 0.0
17.835671342685373 0.0 0.0 0.0
17.88577154308617 0.0 0.0 0.0
17.935871743486974 0.0 0.0 0.0
17.985971943887776 0.0 0.0 0.0
18.03607214428858 0.0 0.0 0.0
18.08617234468938 0.0 0.0 0.0
18.13627254509018 0.0 0.0 0.0
18.18637274549098 0.0 0.0 0.0
18.236472945891784 0.0 0.0 0.0
18.286573146292586 0.0 0.0 0.0
18.336673346693388 0.0 0.0 0.0
18.38677354709419 0.0 0.0 0.0
18.43687374749499 0.0 0.0 0.0
18.48697394789579 0.0 0.0 0.0
18.537074148296593 0.0 0.0 0.0
18.587174348697395 0.0 0.0 0.0
18.637274549098198 0.0 0.0 0.0
18.687374749499 0.0 0.0 0.0
18.7374749498998 0.0 0.0 0.0
18.7875751503006 0.0 0.0 0.0
18.837675350701403 0.0 0.0 0.0
18.887775551102205 0.0 0.0 0.0
18.937875751503007 0.0 0.0 0.0
18.98797595190381 0.0 0.0 0.0
19.03807615230461 0.0 0.0 0.0
19.08817635270541 0.0 0.0 0.0
19.138276553106213 0.0 0.0 0.0
19.188376753507015 0.0 0.0 0.0
19.238476953907817 0.0 0.0 0.0
19.28857715430862 0.0 0.0 0.0
19.338677354709418 0.0 0.0 0.0
19.38877755511022 0.0 0.0 0.0
19.438877755511022 0.0 0.0 0.0
19.488977955911825 0.0 0.0 0.0
19.539078156312627 0.0 0.0 0.0
19.58917835671343 0.0 0.0 0.0
19.639278557114228 0.0 0.0 0.0
19.68937875751503 0.0 0.0 0.0
19.739478957915832 0.0 0.0 0.0
19.789579158316634 0.0 0.0 0.0
19.839679358717436 0.0 0.0 0.0
19.88977955911824 0.0 0.0 0.0
19.939879759519037 0.0 0.0 0.0
19.98997995991984 0.0 0.0 0.0
20.04008016032064 0.0 0.0 0.0
20.090180360721444 0.0 0.0 0.0
20.140280561122246 0.0 0.0 0.0
20.19038076152305 0.0 0.0 0.0
20.240480961923847 0.0 0.0 0.0
20.29058116232465 0.0 0.0 0.0
20.34068136272545 0.0 0.0 -0.00016098454913258584
20.390781563126254 0.0 0.0 -0.00016809853496299262
20.440881763527056 0.0 0.0 -0.00017560984398281012
20.490981963927858 0.0 0.0 -0.00018354540316970305
20.541082164328657 0.0 0.0 -0.00019193429249568197
20.59118236472946 0.0 0.0 -0.00020080794389336086
20.64128256513026 0.0 0.0 -0.00021020036114262585
20.691382765531063 0.0 0.0 -0.00022014836314955012
20.741482965931866 0.0 0.0 -0.00023069185341425256
20.791583166332664 0.0 0.0 -0.00024187411885640033
20.841683366733466 0.0 0.0 -0.00025374216159362964
20.89178356713427 0.0 0.0 -0.0002663470677580703
20.94188376753507 0.0 0.0 -0.00027974441799977727
20.991983967935873 0.0 0.0 -0.00029399474497522995
21.042084168336675 0.0 0.0 -0.00030916404386855897
21.092184368737474 0.0 0.0 -0.00032532434285964117
21.142284569138276 0.0 0.0 -0.0003425543414567109
21.19238476953908 0.0 0.0 -0.0003609401257753601
21.24248496993988 0.0 0.0 -0.0003805759711990352
21.292585170340683 0.0 0.0 -0.0004015652444318554
21.342685370741485 0.0 0.0 -0.0004240214187929967
21.392785571142284 0.0 0.0 -0.0004480692187508672
21.442885771543086 0.0 0.0 -0.00047384591221240617
21.492985971943888 0.0 0.0 -0.0005015027720370007
21.54308617234469 0.0 0.0 -0.0005312067317190687
21.593186372745492 0.0 0.0 -0.0005631422642783844
21.643286573146295 0.0 0.0 -0.0005975135182343106
21.693386773547093 0.0 0.0 -0.0006345467502662555
21.743486973947896 0.0 0.0 -0.000674493100956825
21.793587174348698 0.0 0.0 -0.0007176317680940426
21.8436873747495 0.0 0.0 -0.0007642736416411027
21.893787575150302 0.0 0.0 -0.0008147654759917939
21.943887775551104 0.0 0.0 -0.0008694946889174256
21.993987975951903 0.0 0.0 -0.0009288948931686532
22.044088176352705 0.0 0.0 -0.0009934522866303491
22.094188376753507 0.0 0.0 -0.0010637130509902888
22.14428857715431 0.0 0.0 -0.001140291938004009
22.194388777555112 0.0 0.0 -0.001223882257774845
22.244488977955914 0.0 0.0 -0.001315267526460849
22.294589178356713 0.0 0.0 -0.0014153350832665527
22.344689378757515 0.0 0.0 -0.0015250920507259018
22.394789579158317 0.0 0.0 -0.001645684090949353
22.44488977955912 0.0 0.0 -0.0017784175072270043
22.49498997995992 0.0 0.0 -0.0019247853595860112
22.545090180360724 0.0 0.0 -0.0020864984101678966
22.595190380761522 0.0 0.0 -0.002265521896614825
22.645290581162325 0.0 0.0 -0.0024641193578030045
22.695390781563127 0.0 0.0 -0.0026849050171926774
22.74549098196393 0.0 0.0 -0.0029309065783964406
22.79559118236473 0.0 0.0 -0.0032056407220778863
22.845691382765533 0.0 0.0 -0.0035132041333760505
22.895791583166332 0.0 0.0 -0.0038583835589629024
22.945891783567134 0.0 0.0 -0.004246789220420208
22.995991983967937 0.0 0.0 -0.004685016925857272
23.04609218436874 0.0 0.0 -0.005180845452963725
23.09619238476954 0.0 0.0 -0.0057434772424578215
23.14629258517034 0.0 0.0 -0.0063838321326983825
23.196392785571142 0.0 0.0 -0.007114905715295019
23.246492985971944 0.0 0.0 -0.00795220570446666
23.296593186372746 0.0 0.0 -0.008914281049143288
23.34669338677355 0.0 0.0 -0.010023358456236203
23.39679358717435 0.0 0.0 -0.011306097694369278
23.44689378757515 0.0 0.0 -0.012794466901593513
23.49699398797595 0.0 0.0 -0.014526715126095628
23.547094188376754 0.0 0.0 -0.016548367918563647
23.597194388777556 0.0 0.0 -0.01891306657710756
23.647294589178358 0.0 0.0 -0.02168286085616274
23.69739478957916 0.0 0.0 -0.02492714585338375
23.74749498997996 0.0 0.0 -0.02871859941563201
23.79759519038076 0.0 0.0 -0.03312280231276715
23.847695390781563 0.0 0.0 -0.03817482104671338
23.897795591182366 0.0 0.0 -0.04382899821216674
23.947895791583168 0.0 0.0 -0.04985333797815555
23.99799599198397 0.0 0.0 -0.05560770121739594
24.04809619238477 0.0 0.0 -0.05957331145261087
24.09819639278557 0.0 0.0 -0.05833586389261171
24.148296593186373 0.0 0.0 -0.04432943317196969
24.198396793587175 0.0 0.0 -0.0006627136912014109
24.248496993987978 0.0 0.0 0.11123019853576821
24.29859719438878 0.0 0.0 0.3824976711912134
24.34869739478958 0.0 0.0 1.038656458595218
24.39879759519038 0.0 0.0 2.670596348859455
24.448897795591183 0.0 0.0 6.9390594498706735
24.498997995991985 0.0 0.0 18.927308047154323
24.549098196392787 0.0 0.0 55.90131679107963
24.59919839679359 0.0 0.0 184.54988238570496
24.649298597194388 0.0 0.0 707.6692608381595
24.69939879759519 0.0 0.0 3320.1041959062095
24.749498997995993 0.0 0.0 20595.476945786315
24.799599198396795 0.0 0.0 191942.7355822497
24.849699398797597 0.0 0.0 3409153.3131631496
24.8997995991984 0.0 0.0 196596779.7325672
24.949899799599198 0.0 0.0 201315861142.0183
25.0 0.0 0.0 2000000000.0
