0.000000000000000000e+00 0.000000000000000000e+00 0.000000000000000000e+00
5.010020040080160469e-02 0.000000000000000000e+00 0.000000000000000000e+00
1.002004008016032094e-01 0.000000000000000000e+00 0.000000000000000000e+00
1.503006012024048210e-01 0.000000000000000000e+00 0.000000000000000000e+00
2.004008016032064188e-01 0.000000000000000000e+00 0.000000000000000000e+00
2.505010020040080443e-01 0.000000000000000000e+00 0.000000000000000000e+00
3.006012024048096420e-01 0.000000000000000000e+00 0.000000000000000000e+00
3.507014028056112398e-01 0.000000000000000000e+00 0.000000000000000000e+00
4.008016032064128376e-01 0.000000000000000000e+00 0.000000000000000000e+00
4.509018036072144353e-01 0.000000000000000000e+00 0.000000000000000000e+00
5.010020040080160886e-01 0.000000000000000000e+00 0.000000000000000000e+00
5.511022044088176308e-01 0.000000000000000000e+00 0.000000000000000000e+00
6.012024048096192841e-01 0.000000000000000000e+00 0.000000000000000000e+00
6.513026052104208263e-01 0.000000000000000000e+00 0.000000000000000000e+00
7.014028056112224796e-01 0.000000000000000000e+00 0.000000000000000000e+00
7.515030060120240218e-01 0.000000000000000000e+00 0.000000000000000000e+00
8.016032064128256751e-01 0.000000000000000000e+00 0.000000000000000000e+00
8.517034068136273284e-01 0.000000000000000000e+00 0.000000000000000000e+00
9.018036072144288706e-01 0.000000000000000000e+00 0.000000000000000000e+00
9.519038076152305239e-01 0.000000000000000000e+00 0.000000000000000000e+00
1.002004008016032177e+00 0.000000000000000000e+00 0.000000000000000000e+00
1.052104208416833719e+00 0.000000000000000000e+00 0.000000000000000000e+00
1.102204408817635262e+00 0.000000000000000000e+00 0.000000000000000000e+00
1.152304609218436804e+00 0.000000000000000000e+00 0.000000000000000000e+00
1.202404809619238568e+00 0.000000000000000000e+00 0.000000000000000000e+00
1.252505010020040110e+00 0.000000000000000000e+00 0.000000000000000000e+00
1.302605210420841653e+00 0.000000000000000000e+00 0.000000000000000000e+00
1.352705410821643417e+00 0.000000000000000000e+00 0.000000000000000000e+00
1.402805611222444959e+00 0.000000000000000000e+00 0.000000000000000000e+00
1.452905811623246501e+00 0.000000000000000000e+00 0.000000000000000000e+00
1.503006012024048044e+00 0.000000000000000000e+00 0.000000000000000000e+00
1.553106212424849808e+00 0.000000000000000000e+00 0.000000000000000000e+00
1.603206412825651350e+00 0.000000000000000000e+00 0.000000000000000000e+00
1.653306613226452892e+00 0.000000000000000000e+00 0.000000000000000000e+00
1.703406813627254657e+00 0.000000000000000000e+00 0.000000000000000000e+00
1.753507014028056199e+00 0.000000000000000000e+00 0.000000000000000000e+00
1.803607214428857741e+00 0.000000000000000000e+00 0.000000000000000000e+00
1.853707414829659283e+00 0.000000000000000000e+00 0.000000000000000000e+00
1.903807615230461048e+00 0.000000000000000000e+00 0.000000000000000000e+00
1.953907815631262590e+00 0.000000000000000000e+00 0.000000000000000000e+00
2.004008016032064354e+00 0.000000000000000000e+00 0.000000000000000000e+00
2.054108216432865675e+00 0.000000000000000000e+00 0.000000000000000000e+00
2.104208416833667439e+00 0.000000000000000000e+00 0.000000000000000000e+00
2.154308617234469203e+00 0.000000000000000000e+00 0.000000000000000000e+00
2.204408817635270523e+00 0.000000000000000000e+00 0.000000000000000000e+00
2.254509018036072288e+00 0.000000000000000000e+00 0.000000000000000000e+00
2.304609218436873608e+00 0.000000000000000000e+00 0.000000000000000000e+00
2.354709418837675372e+00 0.000000000000000000e+00 0.000000000000000000e+00
2.404809619238477136e+00 0.000000000000000000e+00 0.000000000000000000e+00
2.454909819639278457e+00 0.000000000000000000e+00 0.000000000000000000e+00
2.505010020040080221e+00 0.000000000000000000e+00 0.000000000000000000e+00
2.555110220440881985e+00 0.000000000000000000e+00 0.000000000000000000e+00
2.605210420841683305e+00 0.000000000000000000e+00 0.000000000000000000e+00
2.655310621242485070e+00 0.000000000000000000e+00 0.000000000000000000e+00
2.705410821643286834e+00 0.000000000000000000e+00 0.000000000000000000e+00
2.755511022044088154e+00 0.000000000000000000e+00 0.000000000000000000e+00
2.805611222444889918e+00 0.000000000000000000e+00 0.000000000000000000e+00
2.855711422845691683e+00 0.000000000000000000e+00 0.000000000000000000e+00
2.905811623246493003e+00 0.000000000000000000e+00 0.000000000000000000e+00
2.955911823647294767e+00 0.000000000000000000e+00 0.000000000000000000e+00
3.006012024048096087e+00 0.000000000000000000e+00 0.000000000000000000e+00
3.056112224448897852e+00 0.000000000000000000e+00 0.000000000000000000e+00
3.106212424849699616e+00 0.000000000000000000e+00 0.000000000000000000e+00
3.156312625250500936e+00 0.000000000000000000e+00 0.000000000000000000e+00
3.206412825651302700e+00 0.000000000000000000e+00 0.000000000000000000e+00
3.256513026052104465e+00 0.000000000000000000e+00 0.000000000000000000e+00
3.306613226452905785e+00 0.000000000000000000e+00 0.000000000000000000e+00
3.356713426853707549e+00 0.000000000000000000e+00 0.000000000000000000e+00
3.406813627254509314e+00 0.000000000000000000e+00 0.000000000000000000e+00
3.456913827655310634e+00 0.000000000000000000e+00 0.000000000000000000e+00
3.507014028056112398e+00 0.000000000000000000e+00 0.000000000000000000e+00
3.557114228456913718e+00 0.000000000000000000e+00 0.000000000000000000e+00
3.607214428857715482e+00 0.000000000000000000e+00 0.000000000000000000e+00
3.657314629258517247e+00 0.000000000000000000e+00 0.000000000000000000e+00
3.707414829659318567e+00 0.000000000000000000e+00 0.000000000000000000e+00
3.757515030060120331e+00 0.000000000000000000e+00 0.000000000000000000e+00
3.807615230460922096e+00 0.000000000000000000e+00 0.000000000000000000e+00
3.857715430861723416e+00 0.000000000000000000e+00 0.000000000000000000e+00
3.907815631262525180e+00 0.000000000000000000e+00 0.000000000000000000e+00
3.957915831663326944e+00 0.000000000000000000e+00 0.000000000000000000e+00
4.008016032064128709e+00 0.000000000000000000e+00 0.000000000000000000e+00
4.058116232464930029e+00 0.000000000000000000e+00 0.000000000000000000e+00
4.108216432865731349e+00 0.000000000000000000e+00 0.000000000000000000e+00
4.158316633266533557e+00 0.000000000000000000e+00 0.000000000000000000e+00
4.208416833667334878e+00 0.000000000000000000e+00 0.000000000000000000e+00
4.258517034068136198e+00 0.000000000000000000e+00 0.000000000000000000e+00
4.308617234468938406e+00 0.000000000000000000e+00 0.000000000000000000e+00
4.358717434869739726e+00 0.000000000000000000e+00 0.000000000000000000e+00
4.408817635270541047e+00 0.000000000000000000e+00 0.000000000000000000e+00
4.458917835671343255e+00 0.000000000000000000e+00 0.000000000000000000e+00
4.509018036072144575e+00 0.000000000000000000e+00 0.000000000000000000e+00
4.559118236472945895e+00 0.000000000000000000e+00 0.000000000000000000e+00
4.609218436873747216e+00 0.000000000000000000e+00 0.000000000000000000e+00
4.659318637274549424e+00 0.000000000000000000e+00 0.000000000000000000e+00
4.709418837675350744e+00 0.000000000000000000e+00 0.000000000000000000e+00
4.759519038076152064e+00 0.000000000000000000e+00 0.000000000000000000e+00
4.809619238476954273e+00 0.000000000000000000e+00 0.000000000000000000e+00
4.859719438877755593e+00 0.000000000000000000e+00 0.000000000000000000e+00
4.909819639278556913e+00 0.000000000000000000e+00 0.000000000000000000e+00
4.959919839679359121e+00 0.000000000000000000e+00 0.000000000000000000e+00
5.010020040080160442e+00 0.000000000000000000e+00 0.000000000000000000e+00
5.060120240480961762e+00 0.000000000000000000e+00 0.000000000000000000e+00
5.110220440881763970e+00 0.000000000000000000e+00 0.000000000000000000e+00
5.160320641282565290e+00 0.000000000000000000e+00 0.000000000000000000e+00
5.210420841683366611e+00 0.000000000000000000e+00 0.000000000000000000e+00
5.260521042084168819e+00 0.000000000000000000e+00 0.000000000000000000e+00
5.310621242484970139e+00 0.000000000000000000e+00 0.000000000000000000e+00
5.360721442885771459e+00 0.000000000000000000e+00 0.000000000000000000e+00
5.410821643286573668e+00 0.000000000000000000e+00 0.000000000000000000e+00
5.460921843687374988e+00 0.000000000000000000e+00 0.000000000000000000e+00
5.511022044088176308e+00 0.000000000000000000e+00 0.000000000000000000e+00
5.561122244488978517e+00 0.000000000000000000e+00 0.000000000000000000e+00
5.611222444889779837e+00 0.000000000000000000e+00 0.000000000000000000e+00
5.661322645290581157e+00 0.000000000000000000e+00 0.000000000000000000e+00
5.711422845691383365e+00 0.000000000000000000e+00 0.000000000000000000e+00
5.761523046092184686e+00 0.000000000000000000e+00 0.000000000000000000e+00
5.811623246492986006e+00 0.000000000000000000e+00 0.000000000000000000e+00
5.861723446893787326e+00 0.000000000000000000e+00 0.000000000000000000e+00
5.911823647294589534e+00 0.000000000000000000e+00 0.000000000000000000e+00
5.961923847695390855e+00 0.000000000000000000e+00 0.000000000000000000e+00
6.012024048096192175e+00 0.000000000000000000e+00 0.000000000000000000e+00
6.062124248496994383e+00 0.000000000000000000e+00 0.000000000000000000e+00
6.112224448897795703e+00 0.000000000000000000e+00 0.000000000000000000e+00
6.162324649298597024e+00 0.000000000000000000e+00 0.000000000000000000e+00
6.212424849699399232e+00 0.000000000000000000e+00 0.000000000000000000e+00
6.262525050100200552e+00 0.000000000000000000e+00 0.000000000000000000e+00
6.312625250501001872e+00 0.000000000000000000e+00 0.000000000000000000e+00
6.362725450901804081e+00 0.000000000000000000e+00 0.000000000000000000e+00
6.412825651302605401e+00 0.000000000000000000e+00 0.000000000000000000e+00
6.462925851703406721e+00 0.000000000000000000e+00 0.000000000000000000e+00
6.513026052104208929e+00 0.000000000000000000e+00 0.000000000000000000e+00
6.563126252505010250e+00 0.000000000000000000e+00 0.000000000000000000e+00
6.613226452905811570e+00 0.000000000000000000e+00 0.000000000000000000e+00
6.663326653306613778e+00 0.000000000000000000e+00 0.000000000000000000e+00
6.713426853707415098e+00 0.000000000000000000e+00 0.000000000000000000e+00
6.763527054108216419e+00 0.000000000000000000e+00 0.000000000000000000e+00
6.813627254509018627e+00 0.000000000000000000e+00 0.000000000000000000e+00
6.863727454909819947e+00 0.000000000000000000e+00 0.000000000000000000e+00
6.913827655310621267e+00 0.000000000000000000e+00 0.000000000000000000e+00
6.963927855711423476e+00 0.000000000000000000e+00 0.000000000000000000e+00
7.014028056112224796e+00 0.000000000000000000e+00 0.000000000000000000e+00
7.064128256513026116e+00 0.000000000000000000e+00 0.000000000000000000e+00
7.114228456913827436e+00 0.000000000000000000e+00 0.000000000000000000e+00
7.164328657314629645e+00 0.000000000000000000e+00 0.000000000000000000e+00
7.214428857715430965e+00 0.000000000000000000e+00 0.000000000000000000e+00
7.264529058116232285e+00 0.000000000000000000e+00 0.000000000000000000e+00
7.314629258517034494e+00 0.000000000000000000e+00 0.000000000000000000e+00
7.364729458917835814e+00 0.000000000000000000e+00 0.000000000000000000e+00
7.414829659318637134e+00 0.000000000000000000e+00 0.000000000000000000e+00
7.464929859719439342e+00 0.000000000000000000e+00 0.000000000000000000e+00
7.515030060120240663e+00 0.000000000000000000e+00 0.000000000000000000e+00
7.565130260521041983e+00 0.000000000000000000e+00 0.000000000000000000e+00
7.615230460921844191e+00 0.000000000000000000e+00 0.000000000000000000e+00
7.665330661322645511e+00 0.000000000000000000e+00 0.000000000000000000e+00
7.715430861723446831e+00 0.000000000000000000e+00 0.000000000000000000e+00
7.765531062124249040e+00 0.000000000000000000e+00 0.000000000000000000e+00
7.815631262525050360e+00 0.000000000000000000e+00 0.000000000000000000e+00
7.865731462925851680e+00 0.000000000000000000e+00 0.000000000000000000e+00
7.915831663326653889e+00 0.000000000000000000e+00 0.000000000000000000e+00
7.965931863727455209e+00 0.000000000000000000e+00 0.000000000000000000e+00
8.016032064128257417e+00 0.000000000000000000e+00 0.000000000000000000e+00
8.066132264529057849e+00 0.000000000000000000e+00 0.000000000000000000e+00
8.116232464929860058e+00 0.000000000000000000e+00 0.000000000000000000e+00
8.166332665330662266e+00 0.000000000000000000e+00 0.000000000000000000e+00
8.216432865731462698e+00 0.000000000000000000e+00 0.000000000000000000e+00
8.266533066132264906e+00 0.000000000000000000e+00 0.000000000000000000e+00
8.316633266533067115e+00 0.000000000000000000e+00 0.000000000000000000e+00
8.366733466933867547e+00 0.000000000000000000e+00 0.000000000000000000e+00
8.416833667334669755e+00 0.000000000000000000e+00 0.000000000000000000e+00
8.466933867735471964e+00 0.000000000000000000e+00 0.000000000000000000e+00
8.517034068136272396e+00 0.000000000000000000e+00 0.000000000000000000e+00
8.567134268537074604e+00 0.000000000000000000e+00 0.000000000000000000e+00
8.617234468937876812e+00 0.000000000000000000e+00 0.000000000000000000e+00
8.667334669338677244e+00 0.000000000000000000e+00 0.000000000000000000e+00
8.717434869739479453e+00 0.000000000000000000e+00 0.000000000000000000e+00
8.767535070140281661e+00 0.000000000000000000e+00 0.000000000000000000e+00
8.817635270541082093e+00 0.000000000000000000e+00 0.000000000000000000e+00
8.867735470941884302e+00 0.000000000000000000e+00 0.000000000000000000e+00
8.917835671342686510e+00 0.000000000000000000e+00 0.000000000000000000e+00
8.967935871743486942e+00 0.000000000000000000e+00 0.000000000000000000e+00
9.018036072144289150e+00 0.000000000000000000e+00 0.000000000000000000e+00
9.068136272545089582e+00 0.000000000000000000e+00 0.000000000000000000e+00
9.118236472945891791e+00 0.000000000000000000e+00 0.000000000000000000e+00
9.168336673346693999e+00 0.000000000000000000e+00 0.000000000000000000e+00
9.218436873747494431e+00 0.000000000000000000e+00 0.000000000000000000e+00
9.268537074148296639e+00 0.000000000000000000e+00 0.000000000000000000e+00
9.318637274549098848e+00 0.000000000000000000e+00 0.000000000000000000e+00
9.368737474949899280e+00 0.000000000000000000e+00 0.000000000000000000e+00
9.418837675350701488e+00 0.000000000000000000e+00 0.000000000000000000e+00
9.468937875751503697e+00 0.000000000000000000e+00 0.000000000000000000e+00
9.519038076152304129e+00 0.000000000000000000e+00 0.000000000000000000e+00
9.569138276553106337e+00 0.000000000000000000e+00 0.000000000000000000e+00
9.619238476953908545e+00 0.000000000000000000e+00 0.000000000000000000e+00
9.669338677354708977e+00 0.000000000000000000e+00 0.000000000000000000e+00
9.719438877755511186e+00 0.000000000000000000e+00 0.000000000000000000e+00
9.769539078156313394e+00 0.000000000000000000e+00 0.000000000000000000e+00
9.819639278557113826e+00 0.000000000000000000e+00 0.000000000000000000e+00
9.869739478957916035e+00 0.000000000000000000e+00 0.000000000000000000e+00
9.919839679358718243e+00 0.000000000000000000e+00 0.000000000000000000e+00
9.969939879759518675e+00 0.000000000000000000e+00 0.000000000000000000e+00
1.002004008016032088e+01 0.000000000000000000e+00 0.000000000000000000e+00
1.007014028056112309e+01 0.000000000000000000e+00 0.000000000000000000e+00
1.012024048096192352e+01 0.000000000000000000e+00 0.000000000000000000e+00
1.017034068136272573e+01 0.000000000000000000e+00 0.000000000000000000e+00
1.022044088176352794e+01 0.000000000000000000e+00 0.000000000000000000e+00
1.027054108216432837e+01 0.000000000000000000e+00 0.000000000000000000e+00
1.032064128256513058e+01 0.000000000000000000e+00 0.000000000000000000e+00
1.037074148296593279e+01 0.000000000000000000e+00 0.000000000000000000e+00
1.042084168336673322e+01 0.000000000000000000e+00 0.000000000000000000e+00
1.047094188376753543e+01 0.000000000000000000e+00 0.000000000000000000e+00
1.052104208416833764e+01 0.000000000000000000e+00 0.000000000000000000e+00
1.057114228456913807e+01 0.000000000000000000e+00 0.000000000000000000e+00
1.062124248496994028e+01 0.000000000000000000e+00 0.000000000000000000e+00
1.067134268537074249e+01 0.000000000000000000e+00 0.000000000000000000e+00
1.072144288577154292e+01 0.000000000000000000e+00 0.000000000000000000e+00
1.077154308617234513e+01 0.000000000000000000e+00 0.000000000000000000e+00
1.082164328657314734e+01 0.000000000000000000e+00 0.000000000000000000e+00
1.087174348697394777e+01 0.000000000000000000e+00 0.000000000000000000e+00
1.092184368737474998e+01 0.000000000000000000e+00 0.000000000000000000e+00
1.097194388777555218e+01 0.000000000000000000e+00 0.000000000000000000e+00
1.102204408817635262e+01 0.000000000000000000e+00 0.000000000000000000e+00
1.107214428857715482e+01 0.000000000000000000e+00 0.000000000000000000e+00
1.112224448897795703e+01 0.000000000000000000e+00 0.000000000000000000e+00
1.117234468937875747e+01 0.000000000000000000e+00 0.000000000000000000e+00
1.122244488977955967e+01 0.000000000000000000e+00 0.000000000000000000e+00
1.127254509018036188e+01 0.000000000000000000e+00 0.000000000000000000e+00
1.132264529058116231e+01 0.000000000000000000e+00 0.000000000000000000e+00
1.137274549098196452e+01 0.000000000000000000e+00 0.000000000000000000e+00
1.142284569138276673e+01 0.000000000000000000e+00 0.000000000000000000e+00
1.147294589178356716e+01 0.000000000000000000e+00 0.000000000000000000e+00
1.152304609218436937e+01 0.000000000000000000e+00 0.000000000000000000e+00
1.157314629258516980e+01 0.000000000000000000e+00 0.000000000000000000e+00
1.162324649298597201e+01 0.000000000000000000e+00 0.000000000000000000e+00
1.167334669338677422e+01 0.000000000000000000e+00 0.000000000000000000e+00
1.172344689378757465e+01 0.000000000000000000e+00 0.000000000000000000e+00
1.177354709418837686e+01 0.000000000000000000e+00 0.000000000000000000e+00
1.182364729458917907e+01 0.000000000000000000e+00 0.000000000000000000e+00
1.187374749498997950e+01 0.000000000000000000e+00 0.000000000000000000e+00
1.192384769539078171e+01 0.000000000000000000e+00 0.000000000000000000e+00
1.197394789579158392e+01 0.000000000000000000e+00 0.000000000000000000e+00
1.202404809619238435e+01 0.000000000000000000e+00 0.000000000000000000e+00
1.207414829659318656e+01 0.000000000000000000e+00 0.000000000000000000e+00
1.212424849699398877e+01 0.000000000000000000e+00 0.000000000000000000e+00
1.217434869739478920e+01 0.000000000000000000e+00 0.000000000000000000e+00
1.222444889779559141e+01 0.000000000000000000e+00 0.000000000000000000e+00
1.227454909819639362e+01 0.000000000000000000e+00 0.000000000000000000e+00
1.232464929859719405e+01 0.000000000000000000e+00 0.000000000000000000e+00
1.237474949899799626e+01 0.000000000000000000e+00 0.000000000000000000e+00
1.242484969939879846e+01 0.000000000000000000e+00 0.000000000000000000e+00
1.247494989979959890e+01 0.000000000000000000e+00 0.000000000000000000e+00
1.252505010020040110e+01 0.000000000000000000e+00 0.000000000000000000e+00
1.257515030060120331e+01 0.000000000000000000e+00 0.000000000000000000e+00
1.262525050100200374e+01 0.000000000000000000e+00 0.000000000000000000e+00
1.267535070140280595e+01 0.000000000000000000e+00 0.000000000000000000e+00
1.272545090180360816e+01 0.000000000000000000e+00 0.000000000000000000e+00
1.277555110220440859e+01 0.000000000000000000e+00 0.000000000000000000e+00
1.282565130260521080e+01 0.000000000000000000e+00 0.000000000000000000e+00
1.287575150300601301e+01 0.000000000000000000e+00 0.000000000000000000e+00
1.292585170340681344e+01 0.000000000000000000e+00 0.000000000000000000e+00
1.297595190380761565e+01 0.000000000000000000e+00 0.000000000000000000e+00
1.302605210420841786e+01 0.000000000000000000e+00 0.000000000000000000e+00
1.307615230460921829e+01 0.000000000000000000e+00 0.000000000000000000e+00
1.312625250501002050e+01 0.000000000000000000e+00 0.000000000000000000e+00
1.317635270541082271e+01 0.000000000000000000e+00 0.000000000000000000e+00
1.322645290581162314e+01 0.000000000000000000e+00 0.000000000000000000e+00
1.327655310621242535e+01 0.000000000000000000e+00 0.000000000000000000e+00
1.332665330661322756e+01 0.000000000000000000e+00 0.000000000000000000e+00
1.337675350701402799e+01 0.000000000000000000e+00 0.000000000000000000e+00
1.342685370741483020e+01 0.000000000000000000e+00 0.000000000000000000e+00
1.347695390781563241e+01 0.000000000000000000e+00 0.000000000000000000e+00
1.352705410821643284e+01 0.000000000000000000e+00 0.000000000000000000e+00
1.357715430861723505e+01 0.000000000000000000e+00 0.000000000000000000e+00
1.362725450901803725e+01 0.000000000000000000e+00 0.000000000000000000e+00
1.367735470941883769e+01 0.000000000000000000e+00 0.000000000000000000e+00
1.372745490981963989e+01 0.000000000000000000e+00 0.000000000000000000e+00
1.377755511022044210e+01 0.000000000000000000e+00 0.000000000000000000e+00
1.382765531062124253e+01 0.000000000000000000e+00 0.000000000000000000e+00
1.387775551102204474e+01 0.000000000000000000e+00 0.000000000000000000e+00
1.392785571142284695e+01 0.000000000000000000e+00 0.000000000000000000e+00
1.397795591182364738e+01 0.000000000000000000e+00 0.000000000000000000e+00
1.402805611222444959e+01 0.000000000000000000e+00 0.000000000000000000e+00
1.407815631262525180e+01 0.000000000000000000e+00 0.000000000000000000e+00
1.412825651302605223e+01 0.000000000000000000e+00 0.000000000000000000e+00
1.417835671342685444e+01 0.000000000000000000e+00 0.000000000000000000e+00
1.422845691382765487e+01 0.000000000000000000e+00 0.000000000000000000e+00
1.427855711422845708e+01 0.000000000000000000e+00 0.000000000000000000e+00
1.432865731462925929e+01 0.000000000000000000e+00 0.000000000000000000e+00
1.437875751503005972e+01 0.000000000000000000e+00 0.000000000000000000e+00
1.442885771543086193e+01 0.000000000000000000e+00 0.000000000000000000e+00
1.447895791583166414e+01 0.000000000000000000e+00 0.000000000000000000e+00
1.452905811623246457e+01 0.000000000000000000e+00 0.000000000000000000e+00
1.457915831663326678e+01 0.000000000000000000e+00 0.000000000000000000e+00
1.462925851703406899e+01 0.000000000000000000e+00 0.000000000000000000e+00
1.467935871743486942e+01 0.000000000000000000e+00 0.000000000000000000e+00
1.472945891783567163e+01 0.000000000000000000e+00 0.000000000000000000e+00
1.477955911823647384e+01 0.000000000000000000e+00 0.000000000000000000e+00
1.482965931863727427e+01 0.000000000000000000e+00 0.000000000000000000e+00
1.487975951903807648e+01 0.000000000000000000e+00 0.000000000000000000e+00
1.492985971943887868e+01 0.000000000000000000e+00 0.000000000000000000e+00
1.497995991983967912e+01 0.000000000000000000e+00 0.000000000000000000e+00
1.503006012024048133e+01 0.000000000000000000e+00 0.000000000000000000e+00
1.508016032064128353e+01 0.000000000000000000e+00 0.000000000000000000e+00
1.513026052104208397e+01 0.000000000000000000e+00 0.000000000000000000e+00
1.518036072144288617e+01 0.000000000000000000e+00 0.000000000000000000e+00
1.523046092184368838e+01 0.000000000000000000e+00 0.000000000000000000e+00
1.528056112224448881e+01 0.000000000000000000e+00 0.000000000000000000e+00
1.533066132264529102e+01 0.000000000000000000e+00 0.000000000000000000e+00
1.538076152304609323e+01 0.000000000000000000e+00 0.000000000000000000e+00
1.543086172344689366e+01 0.000000000000000000e+00 0.000000000000000000e+00
1.548096192384769587e+01 0.000000000000000000e+00 0.000000000000000000e+00
1.553106212424849808e+01 0.000000000000000000e+00 0.000000000000000000e+00
1.558116232464929851e+01 0.000000000000000000e+00 0.000000000000000000e+00
1.563126252505010072e+01 0.000000000000000000e+00 0.000000000000000000e+00
1.568136272545090293e+01 0.000000000000000000e+00 0.000000000000000000e+00
1.573146292585170336e+01 0.000000000000000000e+00 0.000000000000000000e+00
1.578156312625250557e+01 0.000000000000000000e+00 0.000000000000000000e+00
1.583166332665330778e+01 0.000000000000000000e+00 0.000000000000000000e+00
1.588176352705410821e+01 0.000000000000000000e+00 0.000000000000000000e+00
1.593186372745491042e+01 0.000000000000000000e+00 0.000000000000000000e+00
1.598196392785571263e+01 0.000000000000000000e+00 0.000000000000000000e+00
1.603206412825651483e+01 0.000000000000000000e+00 0.000000000000000000e+00
1.608216432865731349e+01 0.000000000000000000e+00 0.000000000000000000e+00
1.613226452905811570e+01 0.000000000000000000e+00 0.000000000000000000e+00
1.618236472945891791e+01 0.000000000000000000e+00 0.000000000000000000e+00
1.623246492985972012e+01 0.000000000000000000e+00 0.000000000000000000e+00
1.628256513026052232e+01 0.000000000000000000e+00 0.000000000000000000e+00
1.633266533066132453e+01 0.000000000000000000e+00 0.000000000000000000e+00
1.638276553106212319e+01 0.000000000000000000e+00 0.000000000000000000e+00
1.643286573146292540e+01 0.000000000000000000e+00 0.000000000000000000e+00
1.648296593186372760e+01 0.000000000000000000e+00 0.000000000000000000e+00
1.653306613226452981e+01 0.000000000000000000e+00 0.000000000000000000e+00
1.658316633266533202e+01 0.000000000000000000e+00 0.000000000000000000e+00
1.663326653306613423e+01 0.000000000000000000e+00 0.000000000000000000e+00
1.668336673346693289e+01 0.000000000000000000e+00 0.000000000000000000e+00
1.673346693386773509e+01 0.000000000000000000e+00 0.000000000000000000e+00
1.678356713426853730e+01 0.000000000000000000e+00 0.000000000000000000e+00
1.683366733466933951e+01 0.000000000000000000e+00 0.000000000000000000e+00
1.688376753507014172e+01 0.000000000000000000e+00 0.000000000000000000e+00
1.693386773547094393e+01 0.000000000000000000e+00 0.000000000000000000e+00
1.698396793587174258e+01 0.000000000000000000e+00 0.000000000000000000e+00
1.703406813627254479e+01 0.000000000000000000e+00 0.000000000000000000e+00
1.708416833667334700e+01 0.000000000000000000e+00 0.000000000000000000e+00
1.713426853707414921e+01 0.000000000000000000e+00 0.000000000000000000e+00
1.718436873747495142e+01 0.000000000000000000e+00 0.000000000000000000e+00
1.723446893787575362e+01 0.000000000000000000e+00 0.000000000000000000e+00
1.728456913827655228e+01 0.000000000000000000e+00 0.000000000000000000e+00
1.733466933867735449e+01 0.000000000000000000e+00 0.000000000000000000e+00
1.738476953907815670e+01 0.000000000000000000e+00 0.000000000000000000e+00
1.743486973947895891e+01 0.000000000000000000e+00 0.000000000000000000e+00
1.748496993987976111e+01 0.000000000000000000e+00 0.000000000000000000e+00
1.753507014028056332e+01 0.000000000000000000e+00 0.000000000000000000e+00
1.758517034068136198e+01 0.000000000000000000e+00 0.000000000000000000e+00
1.763527054108216419e+01 0.000000000000000000e+00 0.000000000000000000e+00
1.768537074148296639e+01 0.000000000000000000e+00 0.000000000000000000e+00
1.773547094188376860e+01 0.000000000000000000e+00 0.000000000000000000e+00
1.778557114228457081e+01 0.000000000000000000e+00 0.000000000000000000e+00
1.783567134268537302e+01 0.000000000000000000e+00 0.000000000000000000e+00
1.788577154308617168e+01 0.000000000000000000e+00 0.000000000000000000e+00
1.793587174348697388e+01 0.000000000000000000e+00 0.000000000000000000e+00
1.798597194388777609e+01 0.000000000000000000e+00 0.000000000000000000e+00
1.803607214428857830e+01 0.000000000000000000e+00 0.000000000000000000e+00
1.808617234468938051e+01 0.000000000000000000e+00 0.000000000000000000e+00
1.813627254509017916e+01 0.000000000000000000e+00 0.000000000000000000e+00
1.818637274549098137e+01 0.000000000000000000e+00 0.000000000000000000e+00
1.823647294589178358e+01 0.000000000000000000e+00 0.000000000000000000e+00
1.828657314629258579e+01 0.000000000000000000e+00 0.000000000000000000e+00
1.833667334669338800e+01 0.000000000000000000e+00 0.000000000000000000e+00
1.838677354709419021e+01 0.000000000000000000e+00 0.000000000000000000e+00
1.843687374749498886e+01 0.000000000000000000e+00 0.000000000000000000e+00
1.848697394789579107e+01 0.000000000000000000e+00 0.000000000000000000e+00
1.853707414829659328e+01 0.000000000000000000e+00 0.000000000000000000e+00
1.858717434869739549e+01 0.000000000000000000e+00 0.000000000000000000e+00
1.863727454909819770e+01 0.000000000000000000e+00 0.000000000000000000e+00
1.868737474949899990e+01 0.000000000000000000e+00 0.000000000000000000e+00
1.873747494989979856e+01 0.000000000000000000e+00 0.000000000000000000e+00
1.878757515030060077e+01 0.000000000000000000e+00 0.000000000000000000e+00
1.883767535070140298e+01 0.000000000000000000e+00 0.000000000000000000e+00
1.888777555110220518e+01 0.000000000000000000e+00 0.000000000000000000e+00
1.893787575150300739e+01 0.000000000000000000e+00 0.000000000000000000e+00
1.898797595190380960e+01 0.000000000000000000e+00 0.000000000000000000e+00
1.903807615230460826e+01 0.000000000000000000e+00 0.000000000000000000e+00
1.908817635270541047e+01 0.000000000000000000e+00 0.000000000000000000e+00
1.913827655310621267e+01 0.000000000000000000e+00 0.000000000000000000e+00
1.918837675350701488e+01 0.000000000000000000e+00 0.000000000000000000e+00
1.923847695390781709e+01 0.000000000000000000e+00 0.000000000000000000e+00
1.928857715430861930e+01 0.000000000000000000e+00 0.000000000000000000e+00
1.933867735470941795e+01 0.000000000000000000e+00 0.000000000000000000e+00
1.938877755511022016e+01 0.000000000000000000e+00 0.000000000000000000e+00
1.943887775551102237e+01 0.000000000000000000e+00 0.000000000000000000e+00
1.948897795591182458e+01 0.000000000000000000e+00 0.000000000000000000e+00
1.953907815631262679e+01 0.000000000000000000e+00 0.000000000000000000e+00
1.958917835671342900e+01 0.000000000000000000e+00 0.000000000000000000e+00
1.963927855711422765e+01 0.000000000000000000e+00 0.000000000000000000e+00
1.968937875751502986e+01 0.000000000000000000e+00 0.000000000000000000e+00
1.973947895791583207e+01 0.000000000000000000e+00 0.000000000000000000e+00
1.978957915831663428e+01 0.000000000000000000e+00 0.000000000000000000e+00
1.983967935871743649e+01 0.000000000000000000e+00 0.000000000000000000e+00
1.988977955911823869e+01 0.000000000000000000e+00 0.000000000000000000e+00
1.993987975951903735e+01 0.000000000000000000e+00 0.000000000000000000e+00
1.998997995991983956e+01 0.000000000000000000e+00 0.000000000000000000e+00
2.004008016032064177e+01 0.000000000000000000e+00 0.000000000000000000e+00
2.009018036072144398e+01 0.000000000000000000e+00 0.000000000000000000e+00
2.014028056112224618e+01 0.000000000000000000e+00 0.000000000000000000e+00
2.019038076152304839e+01 0.000000000000000000e+00 0.000000000000000000e+00
2.024048096192384705e+01 0.000000000000000000e+00 0.000000000000000000e+00
2.029058116232464926e+01 0.000000000000000000e+00 0.000000000000000000e+00
2.034068136272545146e+01 0.000000000000000000e+00 0.000000000000000000e+00
2.039078156312625367e+01 0.000000000000000000e+00 0.000000000000000000e+00
2.044088176352705588e+01 0.000000000000000000e+00 0.000000000000000000e+00
2.049098196392785809e+01 0.000000000000000000e+00 0.000000000000000000e+00
2.054108216432865675e+01 0.000000000000000000e+00 0.000000000000000000e+00
2.059118236472945895e+01 0.000000000000000000e+00 0.000000000000000000e+00
2.064128256513026116e+01 0.000000000000000000e+00 0.000000000000000000e+00
2.069138276553106337e+01 0.000000000000000000e+00 0.000000000000000000e+00
2.074148296593186558e+01 0.000000000000000000e+00 0.000000000000000000e+00
2.079158316633266423e+01 0.000000000000000000e+00 0.000000000000000000e+00
2.084168336673346644e+01 0.000000000000000000e+00 0.000000000000000000e+00
2.089178356713426865e+01 0.000000000000000000e+00 0.000000000000000000e+00
2.094188376753507086e+01 0.000000000000000000e+00 0.000000000000000000e+00
2.099198396793587307e+01 0.000000000000000000e+00 0.000000000000000000e+00
2.104208416833667528e+01 0.000000000000000000e+00 0.000000000000000000e+00
2.109218436873747393e+01 0.000000000000000000e+00 0.000000000000000000e+00
2.114228456913827614e+01 0.000000000000000000e+00 0.000000000000000000e+00
2.119238476953907835e+01 0.000000000000000000e+00 0.000000000000000000e+00
2.124248496993988056e+01 0.000000000000000000e+00 0.000000000000000000e+00
2.129258517034068277e+01 0.000000000000000000e+00 0.000000000000000000e+00
2.134268537074148497e+01 0.000000000000000000e+00 0.000000000000000000e+00
2.139278557114228363e+01 0.000000000000000000e+00 0.000000000000000000e+00
2.144288577154308584e+01 0.000000000000000000e+00 0.000000000000000000e+00
2.149298597194388805e+01 0.000000000000000000e+00 0.000000000000000000e+00
2.154308617234469025e+01 0.000000000000000000e+00 0.000000000000000000e+00
2.159318637274549246e+01 0.000000000000000000e+00 0.000000000000000000e+00
2.164328657314629467e+01 0.000000000000000000e+00 0.000000000000000000e+00
2.169338677354709333e+01 0.000000000000000000e+00 0.000000000000000000e+00
2.174348697394789554e+01 0.000000000000000000e+00 0.000000000000000000e+00
2.179358717434869774e+01 0.000000000000000000e+00 0.000000000000000000e+00
2.184368737474949995e+01 0.000000000000000000e+00 0.000000000000000000e+00
2.189378757515030216e+01 0.000000000000000000e+00 0.000000000000000000e+00
2.194388777555110437e+01 0.000000000000000000e+00 0.000000000000000000e+00
2.199398797595190302e+01 0.000000000000000000e+00 0.000000000000000000e+00
2.204408817635270523e+01 0.000000000000000000e+00 0.000000000000000000e+00
2.209418837675350744e+01 0.000000000000000000e+00 0.000000000000000000e+00
2.214428857715430965e+01 0.000000000000000000e+00 0.000000000000000000e+00
2.219438877755511186e+01 0.000000000000000000e+00 0.000000000000000000e+00
2.224448897795591407e+01 0.000000000000000000e+00 0.000000000000000000e+00
2.229458917835671272e+01 0.000000000000000000e+00 0.000000000000000000e+00
2.234468937875751493e+01 0.000000000000000000e+00 0.000000000000000000e+00
2.239478957915831714e+01 0.000000000000000000e+00 0.000000000000000000e+00
2.244488977955911935e+01 0.000000000000000000e+00 0.000000000000000000e+00
2.249498997995992156e+01 0.000000000000000000e+00 0.000000000000000000e+00
2.254509018036072376e+01 0.000000000000000000e+00 0.000000000000000000e+00
2.259519038076152242e+01 0.000000000000000000e+00 0.000000000000000000e+00
2.264529058116232463e+01 0.000000000000000000e+00 0.000000000000000000e+00
2.269539078156312684e+01 0.000000000000000000e+00 0.000000000000000000e+00
2.274549098196392904e+01 0.000000000000000000e+00 0.000000000000000000e+00
2.279559118236473125e+01 0.000000000000000000e+00 0.000000000000000000e+00
2.284569138276553346e+01 0.000000000000000000e+00 0.000000000000000000e+00
2.289579158316633212e+01 0.000000000000000000e+00 0.000000000000000000e+00
2.294589178356713433e+01 0.000000000000000000e+00 0.000000000000000000e+00
2.299599198396793653e+01 0.000000000000000000e+00 0.000000000000000000e+00
2.304609218436873874e+01 0.000000000000000000e+00 0.000000000000000000e+00
2.309619238476954095e+01 0.000000000000000000e+00 0.000000000000000000e+00
2.314629258517033961e+01 0.000000000000000000e+00 0.000000000000000000e+00
2.319639278557114181e+01 0.000000000000000000e+00 0.000000000000000000e+00
2.324649298597194402e+01 0.000000000000000000e+00 0.000000000000000000e+00
2.329659318637274623e+01 0.000000000000000000e+00 0.000000000000000000e+00
2.334669338677354844e+01 0.000000000000000000e+00 0.000000000000000000e+00
2.339679358717435065e+01 0.000000000000000000e+00 0.000000000000000000e+00
2.344689378757514930e+01 0.000000000000000000e+00 0.000000000000000000e+00
2.349699398797595151e+01 0.000000000000000000e+00 0.000000000000000000e+00
2.354709418837675372e+01 0.000000000000000000e+00 0.000000000000000000e+00
2.359719438877755593e+01 0.000000000000000000e+00 0.000000000000000000e+00
2.364729458917835814e+01 0.000000000000000000e+00 0.000000000000000000e+00
2.369739478957916035e+01 0.000000000000000000e+00 0.000000000000000000e+00
2.374749498997995900e+01 0.000000000000000000e+00 0.000000000000000000e+00
2.379759519038076121e+01 0.000000000000000000e+00 0.000000000000000000e+00
2.384769539078156342e+01 0.000000000000000000e+00 0.000000000000000000e+00
2.389779559118236563e+01 0.000000000000000000e+00 0.000000000000000000e+00
2.394789579158316783e+01 0.000000000000000000e+00 0.000000000000000000e+00
2.399799599198397004e+01 0.000000000000000000e+00 0.000000000000000000e+00
2.404809619238476870e+01 0.000000000000000000e+00 0.000000000000000000e+00
2.409819639278557091e+01 0.000000000000000000e+00 0.000000000000000000e+00
2.414829659318637312e+01 0.000000000000000000e+00 0.000000000000000000e+00
2.419839679358717532e+01 0.000000000000000000e+00 0.000000000000000000e+00
2.424849699398797753e+01 0.000000000000000000e+00 0.000000000000000000e+00
2.429859719438877974e+01 0.000000000000000000e+00 0.000000000000000000e+00
2.434869739478957840e+01 0.000000000000000000e+00 0.000000000000000000e+00
2.439879759519038060e+01 0.000000000000000000e+00 0.000000000000000000e+00
2.444889779559118281e+01 0.000000000000000000e+00 0.000000000000000000e+00
2.449899799599198502e+01 0.000000000000000000e+00 0.000000000000000000e+00
2.454909819639278723e+01 0.000000000000000000e+00 0.000000000000000000e+00
2.459919839679358944e+01 0.000000000000000000e+00 0.000000000000000000e+00
2.464929859719438809e+01 0.000000000000000000e+00 0.000000000000000000e+00
2.469939879759519030e+01 0.000000000000000000e+00 0.000000000000000000e+00
2.474949899799599251e+01 0.000000000000000000e+00 0.000000000000000000e+00
2.479959919839679472e+01 0.000000000000000000e+00 0.000000000000000000e+00
2.484969939879759693e+01 0.000000000000000000e+00 0.000000000000000000e+00
2.489979959919839914e+01 0.000000000000000000e+00 0.000000000000000000e+00
2.494989979959919779e+01 0.000000000000000000e+00 0.000000000000000000e+00
2.500000000000000000e+01 0.000000000000000000e+00 0.000000000000000000e+00
