# x y z rho mue
0.000000 0.000000 0.000000 0.700000 7.241613
0.002501 0.000000 0.000000 0.700000 7.241613
0.005003 0.000000 0.000000 0.700000 7.241613
0.007504 0.000000 0.000000 0.700000 7.241613
0.010005 0.000000 0.000000 0.700000 7.241613
0.012506 0.000000 0.000000 0.700000 7.241613
0.015008 0.000000 0.000000 0.700000 7.241613
0.017509 0.000000 0.000000 0.700000 7.241613
0.020010 0.000000 0.000000 0.700000 7.241613
0.022511 0.000000 0.000000 0.700000 7.241613
0.025013 0.000000 0.000000 0.700000 7.241613
0.027514 0.000000 0.000000 0.700000 7.241613
0.030015 0.000000 0.000000 0.700000 7.241613
0.032516 0.000000 0.000000 0.700000 7.241613
0.035018 0.000000 0.000000 0.700000 7.241613
0.037519 0.000000 0.000000 0.700000 7.241613
0.040020 0.000000 0.000000 0.700000 7.241613
0.042521 0.000000 0.000000 0.700000 7.241613
0.045023 0.000000 0.000000 0.700000 7.241613
0.047524 0.000000 0.000000 0.700000 7.241613
0.050025 0.000000 0.000000 0.700000 7.241613
0.052526 0.000000 0.000000 0.700000 7.241613
0.055028 0.000000 0.000000 0.700000 7.241613
0.057529 0.000000 0.000000 0.700000 7.241613
0.060030 0.000000 0.000000 0.700000 7.241613
0.062531 0.000000 0.000000 0.700000 7.241613
0.065033 0.000000 0.000000 0.700000 7.241613
0.067534 0.000000 0.000000 0.700000 7.241613
0.070035 0.000000 0.000000 0.700000 7.241613
0.072536 0.000000 0.000000 0.700000 7.241613
0.075038 0.000000 0.000000 0.700000 7.241613
0.077539 0.000000 0.000000 0.700000 7.241613
0.080040 0.000000 0.000000 0.700000 7.241613
0.082541 0.000000 0.000000 0.700000 7.241613
0.085043 0.000000 0.000000 0.700000 7.241613
0.087544 0.000000 0.000000 0.700000 7.241613
0.090045 0.000000 0.000000 0.700000 7.241613
0.092546 0.000000 0.000000 0.700000 7.241613
0.095048 0.000000 0.000000 0.700000 7.241613
0.097549 0.000000 0.000000 0.700000 7.241613
0.100050 0.000000 0.000000 0.700000 7.241613
0.102551 0.000000 0.000000 0.700000 7.241613
0.105053 0.000000 0.000000 0.700000 7.241613
0.107554 0.000000 0.000000 0.700000 7.241613
0.110055 0.000000 0.000000 0.700000 7.241613
0.112556 0.000000 0.000000 0.700000 7.241613
0.115058 0.000000 0.000000 0.700000 7.241613
0.117559 0.000000 0.000000 0.700000 7.241613
0.120060 0.000000 0.000000 0.700000 7.241613
0.122561 0.000000 0.000000 0.700000 7.241613
0.125063 0.000000 0.000000 0.700000 7.241613
0.127564 0.000000 0.000000 0.700000 7.241613
0.130065 0.000000 0.000000 0.700000 7.241613
0.132566 0.000000 0.000000 0.700000 7.241613
0.135068 0.000000 0.000000 0.700000 7.241613
0.137569 0.000000 0.000000 0.700000 7.241613
0.140070 0.000000 0.000000 0.700000 7.241613
0.142571 0.000000 0.000000 0.700000 7.241613
0.145073 0.000000 0.000000 0.700000 7.241613
0.147574 0.000000 0.000000 0.700000 7.241613
0.150075 0.000000 0.000000 0.700000 7.241613
0.152576 0.000000 0.000000 0.700000 7.241613
0.155078 0.000000 0.000000 0.700000 7.241613
0.157579 0.000000 0.000000 0.700000 7.241613
0.160080 0.000000 0.000000 0.700000 7.241613
0.162581 0.000000 0.000000 0.700000 7.241613
0.165083 0.000000 0.000000 0.700000 7.241613
0.167584 0.000000 0.000000 0.700000 7.241613
0.170085 0.000000 0.000000 0.700000 7.241613
0.172586 0.000000 0.000000 0.700000 7.241613
0.175088 0.000000 0.000000 0.700000 7.241613
0.177589 0.000000 0.000000 0.700000 7.241613
0.180090 0.000000 0.000000 0.700000 7.241613
0.182591 0.000000 0.000000 0.700000 7.241613
0.185093 0.000000 0.000000 0.700000 7.241613
0.187594 0.000000 0.000000 0.700000 7.241613
0.190095 0.000000 0.000000 0.700000 7.241613
0.192596 0.000000 0.000000 0.700000 7.241613
0.195098 0.000000 0.000000 0.700000 7.241613
0.197599 0.000000 0.000000 0.700000 7.241613
0.200100 0.000000 0.000000 0.700000 7.241613
0.202601 0.000000 0.000000 0.700000 7.241613
0.205103 0.000000 0.000000 0.700000 7.241613
0.207604 0.000000 0.000000 0.700000 7.241613
0.210105 0.000000 0.000000 0.700000 7.241613
0.212606 0.000000 0.000000 0.700000 7.241613
0.215108 0.000000 0.000000 0.700000 7.241613
0.217609 0.000000 0.000000 0.700000 7.241613
0.220110 0.000000 0.000000 0.700000 7.241613
0.222611 0.000000 0.000000 0.700000 7.241613
0.225113 0.000000 0.000000 0.700000 7.241613
0.227614 0.000000 0.000000 0.700000 7.241613
0.230115 0.000000 0.000000 0.700000 7.241613
0.232616 0.000000 0.000000 0.700000 7.241613
0.235118 0.000000 0.000000 0.700000 7.241613
0.237619 0.000000 0.000000 0.700000 7.241613
0.240120 0.000000 0.000000 0.700000 7.241613
0.242621 0.000000 0.000000 0.700000 7.241613
0.245123 0.000000 0.000000 0.700000 7.241613
0.247624 0.000000 0.000000 0.700000 7.241613
0.250125 0.000000 0.000000 0.700000 7.241613
0.252626 0.000000 0.000000 0.700000 7.241613
0.255128 0.000000 0.000000 0.700000 7.241613
0.257629 0.000000 0.000000 0.700000 7.241613
0.260130 0.000000 0.000000 0.700000 7.241613
0.262631 0.000000 0.000000 0.700000 7.241613
0.265133 0.000000 0.000000 0.700000 7.241613
0.267634 0.000000 0.000000 0.700000 7.241613
0.270135 0.000000 0.000000 0.700000 7.241613
0.272636 0.000000 0.000000 0.700000 7.241613
0.275138 0.000000 0.000000 0.700000 7.241613
0.277639 0.000000 0.000000 0.700000 7.241613
0.280140 0.000000 0.000000 0.700000 7.241613
0.282641 0.000000 0.000000 0.700000 7.241613
0.285143 0.000000 0.000000 0.700000 7.241613
0.287644 0.000000 0.000000 0.700000 7.241613
0.290145 0.000000 0.000000 0.700000 7.241613
0.292646 0.000000 0.000000 0.700000 7.241613
0.295148 0.000000 0.000000 0.700000 7.241613
0.297649 0.000000 0.000000 0.700000 7.241613
0.300150 0.000000 0.000000 0.700000 7.241613
0.302651 0.000000 0.000000 0.700000 7.241613
0.305153 0.000000 0.000000 0.700000 7.241613
0.307654 0.000000 0.000000 0.700000 7.241613
0.310155 0.000000 0.000000 0.700000 7.241613
0.312656 0.000000 0.000000 0.700000 7.241613
0.315158 0.000000 0.000000 0.700000 7.241613
0.317659 0.000000 0.000000 0.700000 7.241613
0.320160 0.000000 0.000000 0.700000 7.241613
0.322661 0.000000 0.000000 0.700000 7.241613
0.325163 0.000000 0.000000 0.700000 7.241613
0.327664 0.000000 0.000000 0.700000 7.241613
0.330165 0.000000 0.000000 0.700000 7.241613
0.332666 0.000000 0.000000 0.700000 7.241613
0.335168 0.000000 0.000000 0.700000 7.241613
0.337669 0.000000 0.000000 0.700000 7.241613
0.340170 0.000000 0.000000 0.700000 7.241613
0.342671 0.000000 0.000000 0.700000 7.241613
0.345173 0.000000 0.000000 0.700000 7.241613
0.347674 0.000000 0.000000 0.700000 7.241613
0.350175 0.000000 0.000000 0.700000 7.241613
0.352676 0.000000 0.000000 0.700000 7.241613
0.355178 0.000000 0.000000 0.700000 7.241613
0.357679 0.000000 0.000000 0.700000 7.241613
0.360180 0.000000 0.000000 0.700000 7.241613
0.362681 0.000000 0.000000 0.700000 7.241613
0.365183 0.000000 0.000000 0.700000 7.241613
0.367684 0.000000 0.000000 0.700000 7.241613
0.370185 0.000000 0.000000 0.700000 7.241613
0.372686 0.000000 0.000000 0.700000 7.241613
0.375188 0.000000 0.000000 0.700000 7.241613
0.377689 0.000000 0.000000 0.700000 7.241613
0.380190 0.000000 0.000000 0.700000 7.241613
0.382691 0.000000 0.000000 0.700000 7.241613
0.385193 0.000000 0.000000 0.700000 7.241613
0.387694 0.000000 0.000000 0.700000 7.241613
0.390195 0.000000 0.000000 0.700000 7.241613
0.392696 0.000000 0.000000 0.700000 7.241613
0.395198 0.000000 0.000000 0.700000 7.241613
0.397699 0.000000 0.000000 0.700000 7.241613
0.400200 0.000000 0.000000 0.700000 7.241613
0.402701 0.000000 0.000000 0.700000 7.241613
0.405203 0.000000 0.000000 0.700000 7.241613
0.407704 0.000000 0.000000 0.700000 7.241613
0.410205 0.000000 0.000000 0.700000 7.241613
0.412706 0.000000 0.000000 0.700000 7.241613
0.415208 0.000000 0.000000 0.700000 7.241613
0.417709 0.000000 0.000000 0.700000 7.241613
0.420210 0.000000 0.000000 0.700000 7.241613
0.422711 0.000000 0.000000 0.700000 7.241613
0.425213 0.000000 0.000000 0.700000 7.241613
0.427714 0.000000 0.000000 0.700000 7.241613
0.430215 0.000000 0.000000 0.700000 7.241613
0.432716 0.000000 0.000000 0.700000 7.241613
0.435218 0.000000 0.000000 0.700000 7.241613
0.437719 0.000000 0.000000 0.700000 7.241613
0.440220 0.000000 0.000000 0.700000 7.241613
0.442721 0.000000 0.000000 0.700000 7.241613
0.445223 0.000000 0.000000 0.700000 7.241613
0.447724 0.000000 0.000000 0.700000 7.241613
0.450225 0.000000 0.000000 0.700000 7.241613
0.452726 0.000000 0.000000 0.700000 7.241613
0.455228 0.000000 0.000000 0.700000 7.241613
0.457729 0.000000 0.000000 0.700000 7.241613
0.460230 0.000000 0.000000 0.700000 7.241613
0.462731 0.000000 0.000000 0.700000 7.241613
0.465233 0.000000 0.000000 0.700000 7.241613
0.467734 0.000000 0.000000 0.700000 7.241613
0.470235 0.000000 0.000000 0.700000 7.241613
0.472736 0.000000 0.000000 0.700000 7.241613
0.475238 0.000000 0.000000 0.700000 7.241613
0.477739 0.000000 0.000000 0.700000 7.241613
0.480240 0.000000 0.000000 0.700000 7.241613
0.482741 0.000000 0.000000 0.700000 7.241613
0.485243 0.000000 0.000000 0.700000 7.241613
0.487744 0.000000 0.000000 0.700000 7.241613
0.490245 0.000000 0.000000 0.700000 7.241613
0.492746 0.000000 0.000000 0.700000 7.241613
0.495248 0.000000 0.000000 0.700000 7.241613
0.497749 0.000000 0.000000 0.700000 7.241613
0.500250 0.000000 0.000000 0.700000 7.241613
0.502751 0.000000 0.000000 0.700000 7.241613
0.505253 0.000000 0.000000 0.700000 7.241613
0.507754 0.000000 0.000000 0.700000 7.241613
0.510255 0.000000 0.000000 0.700000 7.241613
0.512756 0.000000 0.000000 0.700000 7.241613
0.515258 0.000000 0.000000 0.700000 7.241613
0.517759 0.000000 0.000000 0.700000 7.241613
0.520260 0.000000 0.000000 0.700000 7.241613
0.522761 0.000000 0.000000 0.700000 7.241613
0.525263 0.000000 0.000000 0.700000 7.241613
0.527764 0.000000 0.000000 0.700000 7.241613
0.530265 0.000000 0.000000 0.700000 7.241613
0.532766 0.000000 0.000000 0.700000 7.241613
0.535268 0.000000 0.000000 0.700000 7.241613
0.537769 0.000000 0.000000 0.700000 7.241613
0.540270 0.000000 0.000000 0.700000 7.241613
0.542771 0.000000 0.000000 0.700000 7.241613
0.545273 0.000000 0.000000 0.700000 7.241613
0.547774 0.000000 0.000000 0.700000 7.241613
0.550275 0.000000 0.000000 0.700000 7.241613
0.552776 0.000000 0.000000 0.700000 7.241613
0.555278 0.000000 0.000000 0.700000 7.241613
0.557779 0.000000 0.000000 0.700000 7.241613
0.560280 0.000000 0.000000 0.700000 7.241613
0.562781 0.000000 0.000000 0.700000 7.241613
0.565283 0.000000 0.000000 0.700000 7.241613
0.567784 0.000000 0.000000 0.700000 7.241613
0.570285 0.000000 0.000000 0.700000 7.241613
0.572786 0.000000 0.000000 0.700000 7.241613
0.575288 0.000000 0.000000 0.700000 7.241613
0.577789 0.000000 0.000000 0.700000 7.241613
0.580290 0.000000 0.000000 0.700000 7.241613
0.582791 0.000000 0.000000 0.700000 7.241613
0.585293 0.000000 0.000000 0.700000 7.241613
0.587794 0.000000 0.000000 0.700000 7.241613
0.590295 0.000000 0.000000 0.700000 7.241613
0.592796 0.000000 0.000000 0.700000 7.241613
0.595298 0.000000 0.000000 0.700000 7.241613
0.597799 0.000000 0.000000 0.700000 7.241613
0.600300 0.000000 0.000000 0.700000 7.241613
0.602801 0.000000 0.000000 0.700000 7.241613
0.605303 0.000000 0.000000 0.700000 7.241613
0.607804 0.000000 0.000000 0.700000 7.241613
0.610305 0.000000 0.000000 0.700000 7.241613
0.612806 0.000000 0.000000 0.700000 7.241613
0.615308 0.000000 0.000000 0.700000 7.241613
0.617809 0.000000 0.000000 0.700000 7.241613
0.620310 0.000000 0.000000 0.700000 7.241613
0.622811 0.000000 0.000000 0.700000 7.241613
0.625313 0.000000 0.000000 0.700000 7.241613
0.627814 0.000000 0.000000 0.700000 7.241613
0.630315 0.000000 0.000000 0.700000 7.241613
0.632816 0.000000 0.000000 0.700000 7.241613
0.635318 0.000000 0.000000 0.700000 7.241613
0.637819 0.000000 0.000000 0.700000 7.241613
0.640320 0.000000 0.000000 0.700000 7.241613
0.642821 0.000000 0.000000 0.700000 7.241613
0.645323 0.000000 0.000000 0.700000 7.241613
0.647824 0.000000 0.000000 0.700000 7.241613
0.650325 0.000000 0.000000 0.700000 7.241613
0.652826 0.000000 0.000000 0.700000 7.241613
0.655328 0.000000 0.000000 0.700000 7.241613
0.657829 0.000000 0.000000 0.700000 7.241613
0.660330 0.000000 0.000000 0.700000 7.241613
0.662831 0.000000 0.000000 0.700000 7.241613
0.665333 0.000000 0.000000 0.700000 7.241613
0.667834 0.000000 0.000000 0.700000 7.241613
0.670335 0.000000 0.000000 0.700000 7.241613
0.672836 0.000000 0.000000 0.700000 7.241613
0.675338 0.000000 0.000000 0.700000 7.241613
0.677839 0.000000 0.000000 0.700000 7.241613
0.680340 0.000000 0.000000 0.700000 7.241613
0.682841 0.000000 0.000000 0.700000 7.241613
0.685343 0.000000 0.000000 0.700000 7.241613
0.687844 0.000000 0.000000 0.700000 7.241613
0.690345 0.000000 0.000000 0.700000 7.241613
0.692846 0.000000 0.000000 0.700000 7.241613
0.695348 0.000000 0.000000 0.700000 7.241613
0.697849 0.000000 0.000000 0.700000 7.241613
0.700350 0.000000 0.000000 0.700000 7.241613
0.702851 0.000000 0.000000 0.700000 7.241613
0.705353 0.000000 0.000000 0.700000 7.241613
0.707854 0.000000 0.000000 0.700000 7.241613
0.710355 0.000000 0.000000 0.700000 7.241613
0.712856 0.000000 0.000000 0.700000 7.241613
0.715358 0.000000 0.000000 0.700000 7.241613
0.717859 0.000000 0.000000 0.700000 7.241613
0.720360 0.000000 0.000000 0.700000 7.241613
0.722861 0.000000 0.000000 0.700000 7.241613
0.725363 0.000000 0.000000 0.700000 7.241613
0.727864 0.000000 0.000000 0.700000 7.241613
0.730365 0.000000 0.000000 0.700000 7.241613
0.732866 0.000000 0.000000 0.700000 7.241613
0.735368 0.000000 0.000000 0.700000 7.241613
0.737869 0.000000 0.000000 0.700000 7.241613
0.740370 0.000000 0.000000 0.700000 7.241613
0.742871 0.000000 0.000000 0.700000 7.241613
0.745373 0.000000 0.000000 0.700000 7.241613
0.747874 0.000000 0.000000 0.700000 7.241613
0.750375 0.000000 0.000000 0.700000 7.241613
0.752876 0.000000 0.000000 0.700000 7.241613
0.755378 0.000000 0.000000 0.700000 7.241613
0.757879 0.000000 0.000000 0.700000 7.241613
0.760380 0.000000 0.000000 0.700000 7.241613
0.762881 0.000000 0.000000 0.700000 7.241613
0.765383 0.000000 0.000000 0.700000 7.241613
0.767884 0.000000 0.000000 0.700000 7.241613
0.770385 0.000000 0.000000 0.700000 7.241613
0.772886 0.000000 0.000000 0.700000 7.241613
0.775388 0.000000 0.000000 0.700000 7.241613
0.777889 0.000000 0.000000 0.700000 7.241613
0.780390 0.000000 0.000000 0.700000 7.241613
0.782891 0.000000 0.000000 0.700000 7.241613
0.785393 0.000000 0.000000 0.700000 7.241613
0.787894 0.000000 0.000000 0.700000 7.241613
0.790395 0.000000 0.000000 0.700000 7.241613
0.792896 0.000000 0.000000 0.700000 7.241613
0.795398 0.000000 0.000000 0.700000 7.241613
0.797899 0.000000 0.000000 0.700000 7.241613
0.800400 0.000000 0.000000 0.700000 7.241613
0.802901 0.000000 0.000000 0.700000 7.241613
0.805403 0.000000 0.000000 0.700000 7.241613
0.807904 0.000000 0.000000 0.700000 7.241613
0.810405 0.000000 0.000000 0.700000 7.241613
0.812906 0.000000 0.000000 0.700000 7.241613
0.815408 0.000000 0.000000 0.700000 7.241613
0.817909 0.000000 0.000000 0.700000 7.241613
0.820410 0.000000 0.000000 0.700000 7.241613
0.822911 0.000000 0.000000 0.700000 7.241613
0.825413 0.000000 0.000000 0.700000 7.241613
0.827914 0.000000 0.000000 0.700000 7.241613
0.830415 0.000000 0.000000 0.700000 7.241613
0.832916 0.000000 0.000000 0.700000 7.241613
0.835418 0.000000 0.000000 0.700000 7.241613
0.837919 0.000000 0.000000 0.700000 7.241613
0.840420 0.000000 0.000000 0.700000 7.241613
0.842921 0.000000 0.000000 0.700000 7.241613
0.845423 0.000000 0.000000 0.700000 7.241613
0.847924 0.000000 0.000000 0.700000 7.241613
0.850425 0.000000 0.000000 0.700000 7.241613
0.852926 0.000000 0.000000 0.700000 7.241613
0.855428 0.000000 0.000000 0.700000 7.241613
0.857929 0.000000 0.000000 0.700000 7.241613
0.860430 0.000000 0.000000 0.700000 7.241613
0.862931 0.000000 0.000000 0.700000 7.241613
0.865433 0.000000 0.000000 0.700000 7.241613
0.867934 0.000000 0.000000 0.700000 7.241613
0.870435 0.000000 0.000000 0.700000 7.241613
0.872936 0.000000 0.000000 0.700000 7.241613
0.875438 0.000000 0.000000 0.700000 7.241613
0.877939 0.000000 0.000000 0.700000 7.241613
0.880440 0.000000 0.000000 0.700000 7.241613
0.882941 0.000000 0.000000 0.700000 7.241613
0.885443 0.000000 0.000000 0.700000 7.241613
0.887944 0.000000 0.000000 0.700000 7.241613
0.890445 0.000000 0.000000 0.700000 7.241613
0.892946 0.000000 0.000000 0.700000 7.241613
0.895448 0.000000 0.000000 0.700000 7.241613
0.897949 0.000000 0.000000 0.700000 7.241613
0.900450 0.000000 0.000000 0.700000 7.241613
0.902951 0.000000 0.000000 0.700000 7.241613
0.905453 0.000000 0.000000 0.700000 7.241613
0.907954 0.000000 0.000000 0.700000 7.241613
0.910455 0.000000 0.000000 0.700000 7.241613
0.912956 0.000000 0.000000 0.700000 7.241613
0.915458 0.000000 0.000000 0.700000 7.241613
0.917959 0.000000 0.000000 0.700000 7.241613
0.920460 0.000000 0.000000 0.700000 7.241613
0.922961 0.000000 0.000000 0.700000 7.241613
0.925463 0.000000 0.000000 0.700000 7.241613
0.927964 0.000000 0.000000 0.700000 7.241613
0.930465 0.000000 0.000000 0.700000 7.241613
0.932966 0.000000 0.000000 0.700000 7.241613
0.935468 0.000000 0.000000 0.700000 7.241613
0.937969 0.000000 0.000000 0.700000 7.241613
0.940470 0.000000 0.000000 0.700000 7.241613
0.942971 0.000000 0.000000 0.700000 7.241613
0.945473 0.000000 0.000000 0.700000 7.241613
0.947974 0.000000 0.000000 0.700000 7.241613
0.950475 0.000000 0.000000 0.700000 7.241613
0.952976 0.000000 0.000000 0.700000 7.241613
0.955478 0.000000 0.000000 0.700000 7.241613
0.957979 0.000000 0.000000 0.700000 7.241613
0.960480 0.000000 0.000000 0.700000 7.241613
0.962981 0.000000 0.000000 0.700000 7.241613
0.965483 0.000000 0.000000 0.700000 7.241613
0.967984 0.000000 0.000000 0.700000 7.241613
0.970485 0.000000 0.000000 0.700000 7.241613
0.972986 0.000000 0.000000 0.700000 7.241613
0.975488 0.000000 0.000000 0.700000 7.241613
0.977989 0.000000 0.000000 0.700000 7.241613
0.980490 0.000000 0.000000 0.700000 7.241613
0.982991 0.000000 0.000000 0.700000 7.241613
0.985493 0.000000 0.000000 0.700000 7.241613
0.987994 0.000000 0.000000 0.700000 7.241613
0.990495 0.000000 0.000000 0.700000 7.241613
0.992996 0.000000 0.000000 0.700000 7.241613
0.995498 0.000000 0.000000 0.700000 7.241613
0.997999 0.000000 0.000000 0.700000 7.241613
1.000500 0.000000 0.000000 0.700000 7.241613
1.003002 0.000000 0.000000 0.700000 7.241613
1.005503 0.000000 0.000000 0.700000 7.241613
1.008004 0.000000 0.000000 0.700000 7.241613
1.010505 0.000000 0.000000 0.700000 7.241613
1.013007 0.000000 0.000000 0.700000 7.241613
1.015508 0.000000 0.000000 0.700000 7.241613
1.018009 0.000000 0.000000 0.700000 7.241613
1.020510 0.000000 0.000000 0.700000 7.241613
1.023012 0.000000 0.000000 0.700000 7.241613
1.025513 0.000000 0.000000 0.700000 7.241613
1.028014 0.000000 0.000000 0.700000 7.241613
1.030515 0.000000 0.000000 0.700000 7.241613
1.033017 0.000000 0.000000 0.700000 7.241613
1.035518 0.000000 0.000000 0.700000 7.241613
1.038019 0.000000 0.000000 0.700000 7.241613
1.040520 0.000000 0.000000 0.700000 7.241613
1.043022 0.000000 0.000000 0.700000 7.241613
1.045523 0.000000 0.000000 0.700000 7.241613
1.048024 0.000000 0.000000 0.700000 7.241613
1.050525 0.000000 0.000000 0.700000 7.241613
1.053027 0.000000 0.000000 0.700000 7.241613
1.055528 0.000000 0.000000 0.700000 7.241613
1.058029 0.000000 0.000000 0.700000 7.241613
1.060530 0.000000 0.000000 0.700000 7.241613
1.063032 0.000000 0.000000 0.700000 7.241613
1.065533 0.000000 0.000000 0.700000 7.241613
1.068034 0.000000 0.000000 0.700000 7.241613
1.070535 0.000000 0.000000 0.700000 7.241613
1.073037 0.000000 0.000000 0.700000 7.241613
1.075538 0.000000 0.000000 0.700000 7.241613
1.078039 0.000000 0.000000 0.700000 7.241613
1.080540 0.000000 0.000000 0.700000 7.241613
1.083042 0.000000 0.000000 0.700000 7.241613
1.085543 0.000000 0.000000 0.700000 7.241613
1.088044 0.000000 0.000000 0.700000 7.241613
1.090545 0.000000 0.000000 0.700000 7.241613
1.093047 0.000000 0.000000 0.700000 7.241613
1.095548 0.000000 0.000000 0.700000 7.241613
1.098049 0.000000 0.000000 0.700000 7.241613
1.100550 0.000000 0.000000 0.700000 7.241613
1.103052 0.000000 0.000000 0.700000 7.241613
1.105553 0.000000 0.000000 0.700000 7.241613
1.108054 0.000000 0.000000 0.700000 7.241613
1.110555 0.000000 0.000000 0.700000 7.241613
1.113057 0.000000 0.000000 0.700000 7.241613
1.115558 0.000000 0.000000 0.700000 7.241613
1.118059 0.000000 0.000000 0.700000 7.241613
1.120560 0.000000 0.000000 0.700000 7.241613
1.123062 0.000000 0.000000 0.700000 7.241613
1.125563 0.000000 0.000000 0.700000 7.241613
1.128064 0.000000 0.000000 0.700000 7.241613
1.130565 0.000000 0.000000 0.700000 7.241613
1.133067 0.000000 0.000000 0.700000 7.241613
1.135568 0.000000 0.000000 0.700000 7.241613
1.138069 0.000000 0.000000 0.700000 7.241613
1.140570 0.000000 0.000000 0.700000 7.241613
1.143072 0.000000 0.000000 0.700000 7.241613
1.145573 0.000000 0.000000 0.700000 7.241613
1.148074 0.000000 0.000000 0.700000 7.241613
1.150575 0.000000 0.000000 0.700000 7.241613
1.153077 0.000000 0.000000 0.700000 7.241613
1.155578 0.000000 0.000000 0.700000 7.241613
1.158079 0.000000 0.000000 0.700000 7.241613
1.160580 0.000000 0.000000 0.700000 7.241613
1.163082 0.000000 0.000000 0.700000 7.241613
1.165583 0.000000 0.000000 0.700000 7.241613
1.168084 0.000000 0.000000 0.700000 7.241613
1.170585 0.000000 0.000000 0.700000 7.241613
1.173087 0.000000 0.000000 0.700000 7.241613
1.175588 0.000000 0.000000 0.700000 7.241613
1.178089 0.000000 0.000000 0.700000 7.241613
1.180590 0.000000 0.000000 0.700000 7.241613
1.183092 0.000000 0.000000 0.700000 7.241613
1.185593 0.000000 0.000000 0.700000 7.241613
1.188094 0.000000 0.000000 0.700000 7.241613
1.190595 0.000000 0.000000 0.700000 7.241613
1.193097 0.000000 0.000000 0.700000 7.241613
1.195598 0.000000 0.000000 0.700000 7.241613
1.198099 0.000000 0.000000 0.700000 7.241613
1.200600 0.000000 0.000000 0.700000 7.241613
1.203102 0.000000 0.000000 0.700000 7.241613
1.205603 0.000000 0.000000 0.700000 7.241613
1.208104 0.000000 0.000000 0.700000 7.241613
1.210605 0.000000 0.000000 0.700000 7.241613
1.213107 0.000000 0.000000 0.700000 7.241613
1.215608 0.000000 0.000000 0.700000 7.241613
1.218109 0.000000 0.000000 0.700000 7.241613
1.220610 0.000000 0.000000 0.700000 7.241613
1.223112 0.000000 0.000000 0.700000 7.241613
1.225613 0.000000 0.000000 0.700000 7.241613
1.228114 0.000000 0.000000 0.700000 7.241613
1.230615 0.000000 0.000000 0.700000 7.241613
1.233117 0.000000 0.000000 0.700000 7.241613
1.235618 0.000000 0.000000 0.700000 7.241613
1.238119 0.000000 0.000000 0.700000 7.241613
1.240620 0.000000 0.000000 0.700000 7.241613
1.243122 0.000000 0.000000 0.700000 7.241613
1.245623 0.000000 0.000000 0.700000 7.241613
1.248124 0.000000 0.000000 0.700000 7.241613
1.250625 0.000000 0.000000 0.700000 7.241613
1.253127 0.000000 0.000000 0.700000 7.241613
1.255628 0.000000 0.000000 0.700000 7.241613
1.258129 0.000000 0.000000 0.700000 7.241613
1.260630 0.000000 0.000000 0.700000 7.241613
1.263132 0.000000 0.000000 0.700000 7.241613
1.265633 0.000000 0.000000 0.700000 7.241613
1.268134 0.000000 0.000000 0.700000 7.241613
1.270635 0.000000 0.000000 0.700000 7.241613
1.273137 0.000000 0.000000 0.700000 7.241613
1.275638 0.000000 0.000000 0.700000 7.241613
1.278139 0.000000 0.000000 0.700000 7.241613
1.280640 0.000000 0.000000 0.700000 7.241613
1.283142 0.000000 0.000000 0.700000 7.241613
1.285643 0.000000 0.000000 0.700000 7.241613
1.288144 0.000000 0.000000 0.700000 7.241613
1.290645 0.000000 0.000000 0.700000 7.241613
1.293147 0.000000 0.000000 0.700000 7.241613
1.295648 0.000000 0.000000 0.700000 7.241613
1.298149 0.000000 0.000000 0.700000 7.241613
1.300650 0.000000 0.000000 0.700000 7.241613
1.303152 0.000000 0.000000 0.700000 7.241613
1.305653 0.000000 0.000000 0.700000 7.241613
1.308154 0.000000 0.000000 0.700000 7.241613
1.310655 0.000000 0.000000 0.700000 7.241613
1.313157 0.000000 0.000000 0.700000 7.241613
1.315658 0.000000 0.000000 0.700000 7.241613
1.318159 0.000000 0.000000 0.700000 7.241613
1.320660 0.000000 0.000000 0.700000 7.241613
1.323162 0.000000 0.000000 0.700000 7.241613
1.325663 0.000000 0.000000 0.700000 7.241613
1.328164 0.000000 0.000000 0.700000 7.241613
1.330665 0.000000 0.000000 0.700000 7.241613
1.333167 0.000000 0.000000 0.700000 7.241613
1.335668 0.000000 0.000000 0.700000 7.241613
1.338169 0.000000 0.000000 0.700000 7.241613
1.340670 0.000000 0.000000 0.700000 7.241613
1.343172 0.000000 0.000000 0.700000 7.241613
1.345673 0.000000 0.000000 0.700000 7.241613
1.348174 0.000000 0.000000 0.700000 7.241613
1.350675 0.000000 0.000000 0.700000 7.241613
1.353177 0.000000 0.000000 0.700000 7.241613
1.355678 0.000000 0.000000 0.700000 7.241613
1.358179 0.000000 0.000000 0.700000 7.241613
1.360680 0.000000 0.000000 0.700000 7.241613
1.363182 0.000000 0.000000 0.700000 7.241613
1.365683 0.000000 0.000000 0.700000 7.241613
1.368184 0.000000 0.000000 0.700000 7.241613
1.370685 0.000000 0.000000 0.700000 7.241613
1.373187 0.000000 0.000000 0.700000 7.241613
1.375688 0.000000 0.000000 0.700000 7.241613
1.378189 0.000000 0.000000 0.700000 7.241613
1.380690 0.000000 0.000000 0.700000 7.241613
1.383192 0.000000 0.000000 0.700000 7.241613
1.385693 0.000000 0.000000 0.700000 7.241613
1.388194 0.000000 0.000000 0.700000 7.241613
1.390695 0.000000 0.000000 0.700000 7.241613
1.393197 0.000000 0.000000 0.700000 7.241613
1.395698 0.000000 0.000000 0.700000 7.241613
1.398199 0.000000 0.000000 0.700000 7.241613
1.400700 0.000000 0.000000 0.700000 7.241613
1.403202 0.000000 0.000000 0.700000 7.241613
1.405703 0.000000 0.000000 0.700000 7.241613
1.408204 0.000000 0.000000 0.700000 7.241613
1.410705 0.000000 0.000000 0.700000 7.241613
1.413207 0.000000 0.000000 0.700000 7.241613
1.415708 0.000000 0.000000 0.700000 7.241613
1.418209 0.000000 0.000000 0.700000 7.241613
1.420710 0.000000 0.000000 0.700000 7.241613
1.423212 0.000000 0.000000 0.700000 7.241613
1.425713 0.000000 0.000000 0.700000 7.241613
1.428214 0.000000 0.000000 0.700000 7.241613
1.430715 0.000000 0.000000 0.700000 7.241613
1.433217 0.000000 0.000000 0.700000 7.241613
1.435718 0.000000 0.000000 0.700000 7.241613
1.438219 0.000000 0.000000 0.700000 7.241613
1.440720 0.000000 0.000000 0.700000 7.241613
1.443222 0.000000 0.000000 0.700000 7.241613
1.445723 0.000000 0.000000 0.700000 7.241613
1.448224 0.000000 0.000000 0.700000 7.241613
1.450725 0.000000 0.000000 0.700000 7.241613
1.453227 0.000000 0.000000 0.700000 7.241613
1.455728 0.000000 0.000000 0.700000 7.241613
1.458229 0.000000 0.000000 0.700000 7.241613
1.460730 0.000000 0.000000 0.700000 7.241613
1.463232 0.000000 0.000000 0.700000 7.241613
1.465733 0.000000 0.000000 0.700000 7.241613
1.468234 0.000000 0.000000 0.700000 7.241613
1.470735 0.000000 0.000000 0.700000 7.241613
1.473237 0.000000 0.000000 0.700000 7.241613
1.475738 0.000000 0.000000 0.700000 7.241613
1.478239 0.000000 0.000000 0.700000 7.241613
1.480740 0.000000 0.000000 0.700000 7.241613
1.483242 0.000000 0.000000 0.700000 7.241613
1.485743 0.000000 0.000000 0.700000 7.241613
1.488244 0.000000 0.000000 0.700000 7.241613
1.490745 0.000000 0.000000 0.700000 7.241613
1.493247 0.000000 0.000000 0.700000 7.241613
1.495748 0.000000 0.000000 0.700000 7.241613
1.498249 0.000000 0.000000 0.700000 7.241613
1.500750 0.000000 0.000000 0.700000 7.241613
1.503252 0.000000 0.000000 0.700000 7.241613
1.505753 0.000000 0.000000 0.700000 7.241613
1.508254 0.000000 0.000000 0.700000 7.241613
1.510755 0.000000 0.000000 0.700000 7.241613
1.513257 0.000000 0.000000 0.700000 7.241613
1.515758 0.000000 0.000000 0.700000 7.241613
1.518259 0.000000 0.000000 0.700000 7.241613
1.520760 0.000000 0.000000 0.700000 7.241613
1.523262 0.000000 0.000000 0.700000 7.241613
1.525763 0.000000 0.000000 0.700000 7.241613
1.528264 0.000000 0.000000 0.700000 7.241613
1.530765 0.000000 0.000000 0.700000 7.241613
1.533267 0.000000 0.000000 0.700000 7.241613
1.535768 0.000000 0.000000 0.700000 7.241613
1.538269 0.000000 0.000000 0.700000 7.241613
1.540770 0.000000 0.000000 0.700000 7.241613
1.543272 0.000000 0.000000 0.700000 7.241613
1.545773 0.000000 0.000000 0.700000 7.241613
1.548274 0.000000 0.000000 0.700000 7.241613
1.550775 0.000000 0.000000 0.700000 7.241613
1.553277 0.000000 0.000000 0.700000 7.241613
1.555778 0.000000 0.000000 0.700000 7.241613
1.558279 0.000000 0.000000 0.700000 7.241613
1.560780 0.000000 0.000000 0.700000 7.241613
1.563282 0.000000 0.000000 0.700000 7.241613
1.565783 0.000000 0.000000 0.700000 7.241613
1.568284 0.000000 0.000000 0.700000 7.241613
1.570785 0.000000 0.000000 0.700000 7.241613
1.573287 0.000000 0.000000 0.700000 7.241613
1.575788 0.000000 0.000000 0.700000 7.241613
1.578289 0.000000 0.000000 0.700000 7.241613
1.580790 0.000000 0.000000 0.700000 7.241613
1.583292 0.000000 0.000000 0.700000 7.241613
1.585793 0.000000 0.000000 0.700000 7.241613
1.588294 0.000000 0.000000 0.700000 7.241613
1.590795 0.000000 0.000000 0.700000 7.241613
1.593297 0.000000 0.000000 0.700000 7.241613
1.595798 0.000000 0.000000 0.700000 7.241613
1.598299 0.000000 0.000000 0.700000 7.241613
1.600800 0.000000 0.000000 0.700000 7.241613
1.603302 0.000000 0.000000 0.700000 7.241613
1.605803 0.000000 0.000000 0.700000 7.241613
1.608304 0.000000 0.000000 0.700000 7.241613
1.610805 0.000000 0.000000 0.700000 7.241613
1.613307 0.000000 0.000000 0.700000 7.241613
1.615808 0.000000 0.000000 0.700000 7.241613
1.618309 0.000000 0.000000 0.700000 7.241613
1.620810 0.000000 0.000000 0.700000 7.241613
1.623312 0.000000 0.000000 0.700000 7.241613
1.625813 0.000000 0.000000 0.700000 7.241613
1.628314 0.000000 0.000000 0.700000 7.241613
1.630815 0.000000 0.000000 0.700000 7.241613
1.633317 0.000000 0.000000 0.700000 7.241613
1.635818 0.000000 0.000000 0.700000 7.241613
1.638319 0.000000 0.000000 0.700000 7.241613
1.640820 0.000000 0.000000 0.700000 7.241613
1.643322 0.000000 0.000000 0.700000 7.241613
1.645823 0.000000 0.000000 0.700000 7.241613
1.648324 0.000000 0.000000 0.700000 7.241613
1.650825 0.000000 0.000000 0.700000 7.241613
1.653327 0.000000 0.000000 0.700000 7.241613
1.655828 0.000000 0.000000 0.700000 7.241613
1.658329 0.000000 0.000000 0.700000 7.241613
1.660830 0.000000 0.000000 0.700000 7.241613
1.663332 0.000000 0.000000 0.700000 7.241613
1.665833 0.000000 0.000000 0.700000 7.241613
1.668334 0.000000 0.000000 0.700000 7.241613
1.670835 0.000000 0.000000 0.700000 7.241613
1.673337 0.000000 0.000000 0.700000 7.241613
1.675838 0.000000 0.000000 0.700000 7.241613
1.678339 0.000000 0.000000 0.700000 7.241613
1.680840 0.000000 0.000000 0.700000 7.241613
1.683342 0.000000 0.000000 0.700000 7.241613
1.685843 0.000000 0.000000 0.700000 7.241613
1.688344 0.000000 0.000000 0.700000 7.241613
1.690845 0.000000 0.000000 0.700000 7.241613
1.693347 0.000000 0.000000 0.700000 7.241613
1.695848 0.000000 0.000000 0.700000 7.241613
1.698349 0.000000 0.000000 0.700000 7.241613
1.700850 0.000000 0.000000 0.700000 7.241613
1.703352 0.000000 0.000000 0.700000 7.241613
1.705853 0.000000 0.000000 0.700000 7.241613
1.708354 0.000000 0.000000 0.700000 7.241613
1.710855 0.000000 0.000000 0.700000 7.241613
1.713357 0.000000 0.000000 0.700000 7.241613
1.715858 0.000000 0.000000 0.700000 7.241613
1.718359 0.000000 0.000000 0.700000 7.241613
1.720860 0.000000 0.000000 0.700000 7.241613
1.723362 0.000000 0.000000 0.700000 7.241613
1.725863 0.000000 0.000000 0.700000 7.241613
1.728364 0.000000 0.000000 0.700000 7.241613
1.730865 0.000000 0.000000 0.700000 7.241613
1.733367 0.000000 0.000000 0.700000 7.241613
1.735868 0.000000 0.000000 0.700000 7.241613
1.738369 0.000000 0.000000 0.700000 7.241613
1.740870 0.000000 0.000000 0.700000 7.241613
1.743372 0.000000 0.000000 0.700000 7.241613
1.745873 0.000000 0.000000 0.700000 7.241613
1.748374 0.000000 0.000000 0.700000 7.241613
1.750875 0.000000 0.000000 0.700000 7.241613
1.753377 0.000000 0.000000 0.700000 7.241613
1.755878 0.000000 0.000000 0.700000 7.241613
1.758379 0.000000 0.000000 0.700000 7.241613
1.760880 0.000000 0.000000 0.700000 7.241613
1.763382 0.000000 0.000000 0.700000 7.241613
1.765883 0.000000 0.000000 0.700000 7.241613
1.768384 0.000000 0.000000 0.700000 7.241613
1.770885 0.000000 0.000000 0.700000 7.241613
1.773387 0.000000 0.000000 0.700000 7.241613
1.775888 0.000000 0.000000 0.700000 7.241613
1.778389 0.000000 0.000000 0.700000 7.241613
1.780890 0.000000 0.000000 0.700000 7.241613
1.783392 0.000000 0.000000 0.700000 7.241613
1.785893 0.000000 0.000000 0.700000 7.241613
1.788394 0.000000 0.000000 0.700000 7.241613
1.790895 0.000000 0.000000 0.700000 7.241613
1.793397 0.000000 0.000000 0.700000 7.241613
1.795898 0.000000 0.000000 0.700000 7.241613
1.798399 0.000000 0.000000 0.700000 7.241613
1.800900 0.000000 0.000000 0.700000 7.241613
1.803402 0.000000 0.000000 0.700000 7.241613
1.805903 0.000000 0.000000 0.700000 7.241613
1.808404 0.000000 0.000000 0.700000 7.241613
1.810905 0.000000 0.000000 0.700000 7.241613
1.813407 0.000000 0.000000 0.700000 7.241613
1.815908 0.000000 0.000000 0.700000 7.241613
1.818409 0.000000 0.000000 0.700000 7.241613
1.820910 0.000000 0.000000 0.700000 7.241613
1.823412 0.000000 0.000000 0.700000 7.241613
1.825913 0.000000 0.000000 0.700000 7.241613
1.828414 0.000000 0.000000 0.700000 7.241613
1.830915 0.000000 0.000000 0.700000 7.241613
1.833417 0.000000 0.000000 0.700000 7.241613
1.835918 0.000000 0.000000 0.700000 7.241613
1.838419 0.000000 0.000000 0.700000 7.241613
1.840920 0.000000 0.000000 0.700000 7.241613
1.843422 0.000000 0.000000 0.700000 7.241613
1.845923 0.000000 0.000000 0.700000 7.241613
1.848424 0.000000 0.000000 0.700000 7.241613
1.850925 0.000000 0.000000 0.700000 7.241613
1.853427 0.000000 0.000000 0.700000 7.241613
1.855928 0.000000 0.000000 0.700000 7.241613
1.858429 0.000000 0.000000 0.700000 7.241613
1.860930 0.000000 0.000000 0.700000 7.241613
1.863432 0.000000 0.000000 0.700000 7.241613
1.865933 0.000000 0.000000 0.700000 7.241613
1.868434 0.000000 0.000000 0.700000 7.241613
1.870935 0.000000 0.000000 0.700000 7.241613
1.873437 0.000000 0.000000 0.700000 7.241613
1.875938 0.000000 0.000000 0.700000 7.241613
1.878439 0.000000 0.000000 0.700000 7.241613
1.880940 0.000000 0.000000 0.700000 7.241613
1.883442 0.000000 0.000000 0.700000 7.241613
1.885943 0.000000 0.000000 0.700000 7.241613
1.888444 0.000000 0.000000 0.700000 7.241613
1.890945 0.000000 0.000000 0.700000 7.241613
1.893447 0.000000 0.000000 0.700000 7.241613
1.895948 0.000000 0.000000 0.700000 7.241613
1.898449 0.000000 0.000000 0.700000 7.241613
1.900950 0.000000 0.000000 0.700000 7.241613
1.903452 0.000000 0.000000 0.700000 7.241613
1.905953 0.000000 0.000000 0.700000 7.241613
1.908454 0.000000 0.000000 0.700000 7.241613
1.910955 0.000000 0.000000 0.700000 7.241613
1.913457 0.000000 0.000000 0.700000 7.241613
1.915958 0.000000 0.000000 0.700000 7.241613
1.918459 0.000000 0.000000 0.700000 7.241613
1.920960 0.000000 0.000000 0.700000 7.241613
1.923462 0.000000 0.000000 0.700000 7.241613
1.925963 0.000000 0.000000 0.700000 7.241613
1.928464 0.000000 0.000000 0.700000 7.241613
1.930965 0.000000 0.000000 0.700000 7.241613
1.933467 0.000000 0.000000 0.700000 7.241613
1.935968 0.000000 0.000000 0.700000 7.241613
1.938469 0.000000 0.000000 0.700000 7.241613
1.940970 0.000000 0.000000 0.700000 7.241613
1.943472 0.000000 0.000000 0.700000 7.241613
1.945973 0.000000 0.000000 0.700000 7.241613
1.948474 0.000000 0.000000 0.700000 7.241613
1.950975 0.000000 0.000000 0.700000 7.241613
1.953477 0.000000 0.000000 0.700000 7.241613
1.955978 0.000000 0.000000 0.700000 7.241613
1.958479 0.000000 0.000000 0.700000 7.241613
1.960980 0.000000 0.000000 0.700000 7.241613
1.963482 0.000000 0.000000 0.700000 7.241613
1.965983 0.000000 0.000000 0.700000 7.241613
1.968484 0.000000 0.000000 0.700000 7.241613
1.970985 0.000000 0.000000 0.700000 7.241613
1.973487 0.000000 0.000000 0.700000 7.241613
1.975988 0.000000 0.000000 0.700000 7.241613
1.978489 0.000000 0.000000 0.700000 7.241613
1.980990 0.000000 0.000000 0.700000 7.241613
1.983492 0.000000 0.000000 0.700000 7.241613
1.985993 0.000000 0.000000 0.700000 7.241613
1.988494 0.000000 0.000000 0.700000 7.241613
1.990995 0.000000 0.000000 0.700000 7.241613
1.993497 0.000000 0.000000 0.700000 7.241613
1.995998 0.000000 0.000000 0.700000 7.241613
1.998499 0.000000 0.000000 0.700000 7.241613
2.001001 0.000000 0.000000 0.700000 7.241613
2.003502 0.000000 0.000000 0.700000 7.241613
2.006003 0.000000 0.000000 0.700000 7.241613
2.008504 0.000000 0.000000 0.700000 7.241613
2.011006 0.000000 0.000000 0.700000 7.241613
2.013507 0.000000 0.000000 0.700000 7.241613
2.016008 0.000000 0.000000 0.700000 7.241613
2.018509 0.000000 0.000000 0.700000 7.241613
2.021011 0.000000 0.000000 0.700000 7.241613
2.023512 0.000000 0.000000 0.700000 7.241613
2.026013 0.000000 0.000000 0.700000 7.241613
2.028514 0.000000 0.000000 0.700000 7.241613
2.031016 0.000000 0.000000 0.700000 7.241613
2.033517 0.000000 0.000000 0.700000 7.241613
2.036018 0.000000 0.000000 0.700000 7.241613
2.038519 0.000000 0.000000 0.700000 7.241613
2.041021 0.000000 0.000000 0.700000 7.241613
2.043522 0.000000 0.000000 0.700000 7.241613
2.046023 0.000000 0.000000 0.700000 7.241613
2.048524 0.000000 0.000000 0.700000 7.241613
2.051026 0.000000 0.000000 0.700000 7.241613
2.053527 0.000000 0.000000 0.700000 7.241613
2.056028 0.000000 0.000000 0.700000 7.241613
2.058529 0.000000 0.000000 0.700000 7.241613
2.061031 0.000000 0.000000 0.700000 7.241613
2.063532 0.000000 0.000000 0.700000 7.241613
2.066033 0.000000 0.000000 0.700000 7.241613
2.068534 0.000000 0.000000 0.700000 7.241613
2.071036 0.000000 0.000000 0.700000 7.241613
2.073537 0.000000 0.000000 0.700000 7.241613
2.076038 0.000000 0.000000 0.700000 7.241613
2.078539 0.000000 0.000000 0.700000 7.241613
2.081041 0.000000 0.000000 0.700000 7.241613
2.083542 0.000000 0.000000 0.700000 7.241613
2.086043 0.000000 0.000000 0.700000 7.241613
2.088544 0.000000 0.000000 0.700000 7.241613
2.091046 0.000000 0.000000 0.700000 7.241613
2.093547 0.000000 0.000000 0.700000 7.241613
2.096048 0.000000 0.000000 0.700000 7.241613
2.098549 0.000000 0.000000 0.700000 7.241613
2.101051 0.000000 0.000000 0.700000 7.241613
2.103552 0.000000 0.000000 0.700000 7.241613
2.106053 0.000000 0.000000 0.700000 7.241613
2.108554 0.000000 0.000000 0.700000 7.241613
2.111056 0.000000 0.000000 0.700000 7.241613
2.113557 0.000000 0.000000 0.700000 7.241613
2.116058 0.000000 0.000000 0.700000 7.241613
2.118559 0.000000 0.000000 0.700000 7.241613
2.121061 0.000000 0.000000 0.700000 7.241613
2.123562 0.000000 0.000000 0.700000 7.241613
2.126063 0.000000 0.000000 0.700000 7.241613
2.128564 0.000000 0.000000 0.700000 7.241613
2.131066 0.000000 0.000000 0.700000 7.241613
2.133567 0.000000 0.000000 0.700000 7.241613
2.136068 0.000000 0.000000 0.700000 7.241613
2.138569 0.000000 0.000000 0.700000 7.241613
2.141071 0.000000 0.000000 0.700000 7.241613
2.143572 0.000000 0.000000 0.700000 7.241613
2.146073 0.000000 0.000000 0.700000 7.241613
2.148574 0.000000 0.000000 0.700000 7.241613
2.151076 0.000000 0.000000 0.700000 7.241613
2.153577 0.000000 0.000000 0.700000 7.241613
2.156078 0.000000 0.000000 0.700000 7.241613
2.158579 0.000000 0.000000 0.700000 7.241613
2.161081 0.000000 0.000000 0.700000 7.241613
2.163582 0.000000 0.000000 0.700000 7.241613
2.166083 0.000000 0.000000 0.700000 7.241613
2.168584 0.000000 0.000000 0.700000 7.241613
2.171086 0.000000 0.000000 0.700000 7.241613
2.173587 0.000000 0.000000 0.700000 7.241613
2.176088 0.000000 0.000000 0.700000 7.241613
2.178589 0.000000 0.000000 0.700000 7.241613
2.181091 0.000000 0.000000 0.700000 7.241613
2.183592 0.000000 0.000000 0.700000 7.241613
2.186093 0.000000 0.000000 0.700000 7.241613
2.188594 0.000000 0.000000 0.700000 7.241613
2.191096 0.000000 0.000000 0.700000 7.241613
2.193597 0.000000 0.000000 0.700000 7.241613
2.196098 0.000000 0.000000 0.700000 7.241613
2.198599 0.000000 0.000000 0.700000 7.241613
2.201101 0.000000 0.000000 0.700000 7.241613
2.203602 0.000000 0.000000 0.700000 7.241613
2.206103 0.000000 0.000000 0.700000 7.241613
2.208604 0.000000 0.000000 0.700000 7.241613
2.211106 0.000000 0.000000 0.700000 7.241613
2.213607 0.000000 0.000000 0.700000 7.241613
2.216108 0.000000 0.000000 0.700000 7.241613
2.218609 0.000000 0.000000 0.700000 7.241613
2.221111 0.000000 0.000000 0.700000 7.241613
2.223612 0.000000 0.000000 0.700000 7.241613
2.226113 0.000000 0.000000 0.700000 7.241613
2.228614 0.000000 0.000000 0.700000 7.241613
2.231116 0.000000 0.000000 0.700000 7.241613
2.233617 0.000000 0.000000 0.700000 7.241613
2.236118 0.000000 0.000000 0.700000 7.241613
2.238619 0.000000 0.000000 0.700000 7.241613
2.241121 0.000000 0.000000 0.700000 7.241613
2.243622 0.000000 0.000000 0.700000 7.241613
2.246123 0.000000 0.000000 0.700000 7.241613
2.248624 0.000000 0.000000 0.700000 7.241613
2.251126 0.000000 0.000000 0.700000 7.241613
2.253627 0.000000 0.000000 0.700000 7.241613
2.256128 0.000000 0.000000 0.700000 7.241613
2.258629 0.000000 0.000000 0.700000 7.241613
2.261131 0.000000 0.000000 0.700000 7.241613
2.263632 0.000000 0.000000 0.700000 7.241613
2.266133 0.000000 0.000000 0.700000 7.241613
2.268634 0.000000 0.000000 0.700000 7.241613
2.271136 0.000000 0.000000 0.700000 7.241613
2.273637 0.000000 0.000000 0.700000 7.241613
2.276138 0.000000 0.000000 0.700000 7.241613
2.278639 0.000000 0.000000 0.700000 7.241613
2.281141 0.000000 0.000000 0.700000 7.241613
2.283642 0.000000 0.000000 0.700000 7.241613
2.286143 0.000000 0.000000 0.700000 7.241613
2.288644 0.000000 0.000000 0.700000 7.241613
2.291146 0.000000 0.000000 0.700000 7.241613
2.293647 0.000000 0.000000 0.700000 7.241613
2.296148 0.000000 0.000000 0.700000 7.241613
2.298649 0.000000 0.000000 0.700000 7.241613
2.301151 0.000000 0.000000 0.700000 7.241613
2.303652 0.000000 0.000000 0.700000 7.241613
2.306153 0.000000 0.000000 0.700000 7.241613
2.308654 0.000000 0.000000 0.700000 7.241613
2.311156 0.000000 0.000000 0.700000 7.241613
2.313657 0.000000 0.000000 0.700000 7.241613
2.316158 0.000000 0.000000 0.700000 7.241613
2.318659 0.000000 0.000000 0.700000 7.241613
2.321161 0.000000 0.000000 0.700000 7.241613
2.323662 0.000000 0.000000 0.700000 7.241613
2.326163 0.000000 0.000000 0.700000 7.241613
2.328664 0.000000 0.000000 0.700000 7.241613
2.331166 0.000000 0.000000 0.700000 7.241613
2.333667 0.000000 0.000000 0.700000 7.241613
2.336168 0.000000 0.000000 0.700000 7.241613
2.338669 0.000000 0.000000 0.700000 7.241613
2.341171 0.000000 0.000000 0.700000 7.241613
2.343672 0.000000 0.000000 0.700000 7.241613
2.346173 0.000000 0.000000 0.700000 7.241613
2.348674 0.000000 0.000000 0.700000 7.241613
2.351176 0.000000 0.000000 0.700000 7.241613
2.353677 0.000000 0.000000 0.700000 7.241613
2.356178 0.000000 0.000000 0.700000 7.241613
2.358679 0.000000 0.000000 0.700000 7.241613
2.361181 0.000000 0.000000 0.700000 7.241613
2.363682 0.000000 0.000000 0.700000 7.241613
2.366183 0.000000 0.000000 0.700000 7.241613
2.368684 0.000000 0.000000 0.700000 7.241613
2.371186 0.000000 0.000000 0.700000 7.241613
2.373687 0.000000 0.000000 0.700000 7.241613
2.376188 0.000000 0.000000 0.700000 7.241613
2.378689 0.000000 0.000000 0.700000 7.241613
2.381191 0.000000 0.000000 0.700000 7.241613
2.383692 0.000000 0.000000 0.700000 7.241613
2.386193 0.000000 0.000000 0.700000 7.241613
2.388694 0.000000 0.000000 0.700000 7.241613
2.391196 0.000000 0.000000 0.700000 7.241613
2.393697 0.000000 0.000000 0.700000 7.241613
2.396198 0.000000 0.000000 0.700000 7.241613
2.398699 0.000000 0.000000 0.700000 7.241613
2.401201 0.000000 0.000000 0.700000 7.241613
2.403702 0.000000 0.000000 0.700000 7.241613
2.406203 0.000000 0.000000 0.700000 7.241613
2.408704 0.000000 0.000000 0.700000 7.241613
2.411206 0.000000 0.000000 0.700000 7.241613
2.413707 0.000000 0.000000 0.700000 7.241613
2.416208 0.000000 0.000000 0.700000 7.241613
2.418709 0.000000 0.000000 0.700000 7.241613
2.421211 0.000000 0.000000 0.700000 7.241613
2.423712 0.000000 0.000000 0.700000 7.241613
2.426213 0.000000 0.000000 0.700000 7.241613
2.428714 0.000000 0.000000 0.700000 7.241613
2.431216 0.000000 0.000000 0.700000 7.241613
2.433717 0.000000 0.000000 0.700000 7.241613
2.436218 0.000000 0.000000 0.700000 7.241613
2.438719 0.000000 0.000000 0.700000 7.241613
2.441221 0.000000 0.000000 0.700000 7.241613
2.443722 0.000000 0.000000 0.700000 7.241613
2.446223 0.000000 0.000000 0.700000 7.241613
2.448724 0.000000 0.000000 0.700000 7.241613
2.451226 0.000000 0.000000 0.700000 7.241613
2.453727 0.000000 0.000000 0.700000 7.241613
2.456228 0.000000 0.000000 0.700000 7.241613
2.458729 0.000000 0.000000 0.700000 7.241613
2.461231 0.000000 0.000000 0.700000 7.241613
2.463732 0.000000 0.000000 0.700000 7.241613
2.466233 0.000000 0.000000 0.700000 7.241613
2.468734 0.000000 0.000000 0.700000 7.241613
2.471236 0.000000 0.000000 0.700000 7.241613
2.473737 0.000000 0.000000 0.700000 7.241613
2.476238 0.000000 0.000000 0.700000 7.241613
2.478739 0.000000 0.000000 0.700000 7.241613
2.481241 0.000000 0.000000 0.700000 7.241613
2.483742 0.000000 0.000000 0.700000 7.241613
2.486243 0.000000 0.000000 0.700000 7.241613
2.488744 0.000000 0.000000 0.700000 7.241613
2.491246 0.000000 0.000000 0.700000 7.241613
2.493747 0.000000 0.000000 0.700000 7.241613
2.496248 0.000000 0.000000 0.700000 7.241613
2.498749 0.000000 0.000000 0.700000 7.241613
2.501251 0.000000 0.000000 0.700000 7.241613
2.503752 0.000000 0.000000 0.700000 7.241613
2.506253 0.000000 0.000000 0.700000 7.241613
2.508754 0.000000 0.000000 0.700000 7.241613
2.511256 0.000000 0.000000 0.700000 7.241613
2.513757 0.000000 0.000000 0.700000 7.241613
2.516258 0.000000 0.000000 0.700000 7.241613
2.518759 0.000000 0.000000 0.700000 7.241613
2.521261 0.000000 0.000000 0.700000 7.241613
2.523762 0.000000 0.000000 0.700000 7.241613
2.526263 0.000000 0.000000 0.700000 7.241613
2.528764 0.000000 0.000000 0.700000 7.241613
2.531266 0.000000 0.000000 0.700000 7.241613
2.533767 0.000000 0.000000 0.700000 7.241613
2.536268 0.000000 0.000000 0.700000 7.241613
2.538769 0.000000 0.000000 0.700000 7.241613
2.541271 0.000000 0.000000 0.700000 7.241613
2.543772 0.000000 0.000000 0.700000 7.241613
2.546273 0.000000 0.000000 0.700000 7.241613
2.548774 0.000000 0.000000 0.700000 7.241613
2.551276 0.000000 0.000000 0.700000 7.241613
2.553777 0.000000 0.000000 0.700000 7.241613
2.556278 0.000000 0.000000 0.700000 7.241613
2.558779 0.000000 0.000000 0.700000 7.241613
2.561281 0.000000 0.000000 0.700000 7.241613
2.563782 0.000000 0.000000 0.700000 7.241613
2.566283 0.000000 0.000000 0.700000 7.241613
2.568784 0.000000 0.000000 0.700000 7.241613
2.571286 0.000000 0.000000 0.700000 7.241613
2.573787 0.000000 0.000000 0.700000 7.241613
2.576288 0.000000 0.000000 0.700000 7.241613
2.578789 0.000000 0.000000 0.700000 7.241613
2.581291 0.000000 0.000000 0.700000 7.241613
2.583792 0.000000 0.000000 0.700000 7.241613
2.586293 0.000000 0.000000 0.700000 7.241613
2.588794 0.000000 0.000000 0.700000 7.241613
2.591296 0.000000 0.000000 0.700000 7.241613
2.593797 0.000000 0.000000 0.700000 7.241613
2.596298 0.000000 0.000000 0.700000 7.241613
2.598799 0.000000 0.000000 0.700000 7.241613
2.601301 0.000000 0.000000 0.700000 7.241613
2.603802 0.000000 0.000000 0.700000 7.241613
2.606303 0.000000 0.000000 0.700000 7.241613
2.608804 0.000000 0.000000 0.700000 7.241613
2.611306 0.000000 0.000000 0.700000 7.241613
2.613807 0.000000 0.000000 0.700000 7.241613
2.616308 0.000000 0.000000 0.700000 7.241613
2.618809 0.000000 0.000000 0.700000 7.241613
2.621311 0.000000 0.000000 0.700000 7.241613
2.623812 0.000000 0.000000 0.700000 7.241613
2.626313 0.000000 0.000000 0.700000 7.241613
2.628814 0.000000 0.000000 0.700000 7.241613
2.631316 0.000000 0.000000 0.700000 7.241613
2.633817 0.000000 0.000000 0.700000 7.241613
2.636318 0.000000 0.000000 0.700000 7.241613
2.638819 0.000000 0.000000 0.700000 7.241613
2.641321 0.000000 0.000000 0.700000 7.241613
2.643822 0.000000 0.000000 0.700000 7.241613
2.646323 0.000000 0.000000 0.700000 7.241613
2.648824 0.000000 0.000000 0.700000 7.241613
2.651326 0.000000 0.000000 0.700000 7.241613
2.653827 0.000000 0.000000 0.700000 7.241613
2.656328 0.000000 0.000000 0.700000 7.241613
2.658829 0.000000 0.000000 0.700000 7.241613
2.661331 0.000000 0.000000 0.700000 7.241613
2.663832 0.000000 0.000000 0.700000 7.241613
2.666333 0.000000 0.000000 0.700000 7.241613
2.668834 0.000000 0.000000 0.700000 7.241613
2.671336 0.000000 0.000000 0.700000 7.241613
2.673837 0.000000 0.000000 0.700000 7.241613
2.676338 0.000000 0.000000 0.700000 7.241613
2.678839 0.000000 0.000000 0.700000 7.241613
2.681341 0.000000 0.000000 0.700000 7.241613
2.683842 0.000000 0.000000 0.700000 7.241613
2.686343 0.000000 0.000000 0.700000 7.241613
2.688844 0.000000 0.000000 0.700000 7.241613
2.691346 0.000000 0.000000 0.700000 7.241613
2.693847 0.000000 0.000000 0.700000 7.241613
2.696348 0.000000 0.000000 0.700000 7.241613
2.698849 0.000000 0.000000 0.700000 7.241613
2.701351 0.000000 0.000000 0.700000 7.241613
2.703852 0.000000 0.000000 0.700000 7.241613
2.706353 0.000000 0.000000 0.700000 7.241613
2.708854 0.000000 0.000000 0.700000 7.241613
2.711356 0.000000 0.000000 0.700000 7.241613
2.713857 0.000000 0.000000 0.700000 7.241613
2.716358 0.000000 0.000000 0.700000 7.241613
2.718859 0.000000 0.000000 0.700000 7.241613
2.721361 0.000000 0.000000 0.700000 7.241613
2.723862 0.000000 0.000000 0.700000 7.241613
2.726363 0.000000 0.000000 0.700000 7.241613
2.728864 0.000000 0.000000 0.700000 7.241613
2.731366 0.000000 0.000000 0.700000 7.241613
2.733867 0.000000 0.000000 0.700000 7.241613
2.736368 0.000000 0.000000 0.700000 7.241613
2.738869 0.000000 0.000000 0.700000 7.241613
2.741371 0.000000 0.000000 0.700000 7.241613
2.743872 0.000000 0.000000 0.700000 7.241613
2.746373 0.000000 0.000000 0.700000 7.241613
2.748874 0.000000 0.000000 0.700000 7.241613
2.751376 0.000000 0.000000 0.700000 7.241613
2.753877 0.000000 0.000000 0.700000 7.241613
2.756378 0.000000 0.000000 0.700000 7.241613
2.758879 0.000000 0.000000 0.700000 7.241613
2.761381 0.000000 0.000000 0.700000 7.241613
2.763882 0.000000 0.000000 0.700000 7.241613
2.766383 0.000000 0.000000 0.700000 7.241613
2.768884 0.000000 0.000000 0.700000 7.241613
2.771386 0.000000 0.000000 0.700000 7.241613
2.773887 0.000000 0.000000 0.700000 7.241613
2.776388 0.000000 0.000000 0.700000 7.241613
2.778889 0.000000 0.000000 0.700000 7.241613
2.781391 0.000000 0.000000 0.700000 7.241613
2.783892 0.000000 0.000000 0.700000 7.241613
2.786393 0.000000 0.000000 0.700000 7.241613
2.788894 0.000000 0.000000 0.700000 7.241613
2.791396 0.000000 0.000000 0.700000 7.241613
2.793897 0.000000 0.000000 0.700000 7.241613
2.796398 0.000000 0.000000 0.700000 7.241613
2.798899 0.000000 0.000000 0.700000 7.241613
2.801401 0.000000 0.000000 0.700000 7.241613
2.803902 0.000000 0.000000 0.700000 7.241613
2.806403 0.000000 0.000000 0.700000 7.241613
2.808904 0.000000 0.000000 0.700000 7.241613
2.811406 0.000000 0.000000 0.700000 7.241613
2.813907 0.000000 0.000000 0.700000 7.241613
2.816408 0.000000 0.000000 0.700000 7.241613
2.818909 0.000000 0.000000 0.700000 7.241613
2.821411 0.000000 0.000000 0.700000 7.241613
2.823912 0.000000 0.000000 0.700000 7.241613
2.826413 0.000000 0.000000 0.700000 7.241613
2.828914 0.000000 0.000000 0.700000 7.241613
2.831416 0.000000 0.000000 0.700000 7.241613
2.833917 0.000000 0.000000 0.700000 7.241613
2.836418 0.000000 0.000000 0.700000 7.241613
2.838919 0.000000 0.000000 0.700000 7.241613
2.841421 0.000000 0.000000 0.700000 7.241613
2.843922 0.000000 0.000000 0.700000 7.241613
2.846423 0.000000 0.000000 0.700000 7.241613
2.848924 0.000000 0.000000 0.700000 7.241613
2.851426 0.000000 0.000000 0.700000 7.241613
2.853927 0.000000 0.000000 0.700000 7.241613
2.856428 0.000000 0.000000 0.700000 7.241613
2.858929 0.000000 0.000000 0.700000 7.241613
2.861431 0.000000 0.000000 0.700000 7.241613
2.863932 0.000000 0.000000 0.700000 7.241613
2.866433 0.000000 0.000000 0.700000 7.241613
2.868934 0.000000 0.000000 0.700000 7.241613
2.871436 0.000000 0.000000 0.700000 7.241613
2.873937 0.000000 0.000000 0.700000 7.241613
2.876438 0.000000 0.000000 0.700000 7.241613
2.878939 0.000000 0.000000 0.700000 7.241613
2.881441 0.000000 0.000000 0.700000 7.241613
2.883942 0.000000 0.000000 0.700000 7.241613
2.886443 0.000000 0.000000 0.700000 7.241613
2.888944 0.000000 0.000000 0.700000 7.241613
2.891446 0.000000 0.000000 0.700000 7.241613
2.893947 0.000000 0.000000 0.700000 7.241613
2.896448 0.000000 0.000000 0.700000 7.241613
2.898949 0.000000 0.000000 0.700000 7.241613
2.901451 0.000000 0.000000 0.700000 7.241613
2.903952 0.000000 0.000000 0.700000 7.241613
2.906453 0.000000 0.000000 0.700000 7.241613
2.908954 0.000000 0.000000 0.700000 7.241613
2.911456 0.000000 0.000000 0.700000 7.241613
2.913957 0.000000 0.000000 0.700000 7.241613
2.916458 0.000000 0.000000 0.700000 7.241613
2.918959 0.000000 0.000000 0.700000 7.241613
2.921461 0.000000 0.000000 0.700000 7.241613
2.923962 0.000000 0.000000 0.700000 7.241613
2.926463 0.000000 0.000000 0.700000 7.241613
2.928964 0.000000 0.000000 0.700000 7.241613
2.931466 0.000000 0.000000 0.700000 7.241613
2.933967 0.000000 0.000000 0.700000 7.241613
2.936468 0.000000 0.000000 0.700000 7.241613
2.938969 0.000000 0.000000 0.700000 7.241613
2.941471 0.000000 0.000000 0.700000 7.241613
2.943972 0.000000 0.000000 0.700000 7.241613
2.946473 0.000000 0.000000 0.700000 7.241613
2.948974 0.000000 0.000000 0.700000 7.241613
2.951476 0.000000 0.000000 0.700000 7.241613
2.953977 0.000000 0.000000 0.700000 7.241613
2.956478 0.000000 0.000000 0.700000 7.241613
2.958979 0.000000 0.000000 0.700000 7.241613
2.961481 0.000000 0.000000 0.700000 7.241613
2.963982 0.000000 0.000000 0.700000 7.241613
2.966483 0.000000 0.000000 0.700000 7.241613
2.968984 0.000000 0.000000 0.700000 7.241613
2.971486 0.000000 0.000000 0.700000 7.241613
2.973987 0.000000 0.000000 0.700000 7.241613
2.976488 0.000000 0.000000 0.700000 7.241613
2.978989 0.000000 0.000000 0.700000 7.241613
2.981491 0.000000 0.000000 0.700000 7.241613
2.983992 0.000000 0.000000 0.700000 7.241613
2.986493 0.000000 0.000000 0.700000 7.241613
2.988994 0.000000 0.000000 0.700000 7.241613
2.991496 0.000000 0.000000 0.700000 7.241613
2.993997 0.000000 0.000000 0.700000 7.241613
2.996498 0.000000 0.000000 0.700000 7.241613
2.998999 0.000000 0.000000 0.700000 7.241613
3.001501 0.000000 0.000000 0.700000 7.241613
3.004002 0.000000 0.000000 0.700000 7.241613
3.006503 0.000000 0.000000 0.700000 7.241613
3.009005 0.000000 0.000000 0.700000 7.241613
3.011506 0.000000 0.000000 0.700000 7.241613
3.014007 0.000000 0.000000 0.700000 7.241613
3.016508 0.000000 0.000000 0.700000 7.241613
3.019010 0.000000 0.000000 0.700000 7.241613
3.021511 0.000000 0.000000 0.700000 7.241613
3.024012 0.000000 0.000000 0.700000 7.241613
3.026513 0.000000 0.000000 0.700000 7.241613
3.029015 0.000000 0.000000 0.700000 7.241613
3.031516 0.000000 0.000000 0.700000 7.241613
3.034017 0.000000 0.000000 0.700000 7.241613
3.036518 0.000000 0.000000 0.700000 7.241613
3.039020 0.000000 0.000000 0.700000 7.241613
3.041521 0.000000 0.000000 0.700000 7.241613
3.044022 0.000000 0.000000 0.700000 7.241613
3.046523 0.000000 0.000000 0.700000 7.241613
3.049025 0.000000 0.000000 0.700000 7.241613
3.051526 0.000000 0.000000 0.700000 7.241613
3.054027 0.000000 0.000000 0.700000 7.241613
3.056528 0.000000 0.000000 0.700000 7.241613
3.059030 0.000000 0.000000 0.700000 7.241613
3.061531 0.000000 0.000000 0.700000 7.241613
3.064032 0.000000 0.000000 0.700000 7.241613
3.066533 0.000000 0.000000 0.700000 7.241613
3.069035 0.000000 0.000000 0.700000 7.241613
3.071536 0.000000 0.000000 0.700000 7.241613
3.074037 0.000000 0.000000 0.700000 7.241613
3.076538 0.000000 0.000000 0.700000 7.241613
3.079040 0.000000 0.000000 0.700000 7.241613
3.081541 0.000000 0.000000 0.700000 7.241613
3.084042 0.000000 0.000000 0.700000 7.241613
3.086543 0.000000 0.000000 0.700000 7.241613
3.089045 0.000000 0.000000 0.700000 7.241613
3.091546 0.000000 0.000000 0.700000 7.241613
3.094047 0.000000 0.000000 0.700000 7.241613
3.096548 0.000000 0.000000 0.700000 7.241613
3.099050 0.000000 0.000000 0.700000 7.241613
3.101551 0.000000 0.000000 0.700000 7.241613
3.104052 0.000000 0.000000 0.700000 7.241613
3.106553 0.000000 0.000000 0.700000 7.241613
3.109055 0.000000 0.000000 0.700000 7.241613
3.111556 0.000000 0.000000 0.700000 7.241613
3.114057 0.000000 0.000000 0.700000 7.241613
3.116558 0.000000 0.000000 0.700000 7.241613
3.119060 0.000000 0.000000 0.700000 7.241613
3.121561 0.000000 0.000000 0.700000 7.241613
3.124062 0.000000 0.000000 0.700000 7.241613
3.126563 0.000000 0.000000 0.700000 7.241613
3.129065 0.000000 0.000000 0.700000 7.241613
3.131566 0.000000 0.000000 0.700000 7.241613
3.134067 0.000000 0.000000 0.700000 7.241613
3.136568 0.000000 0.000000 0.700000 7.241613
3.139070 0.000000 0.000000 0.700000 7.241613
3.141571 0.000000 0.000000 0.700000 7.241613
3.144072 0.000000 0.000000 0.700000 7.241613
3.146573 0.000000 0.000000 0.700000 7.241613
3.149075 0.000000 0.000000 0.700000 7.241613
3.151576 0.000000 0.000000 0.700000 7.241613
3.154077 0.000000 0.000000 0.700000 7.241613
3.156578 0.000000 0.000000 0.700000 7.241613
3.159080 0.000000 0.000000 0.700000 7.241613
3.161581 0.000000 0.000000 0.700000 7.241613
3.164082 0.000000 0.000000 0.700000 7.241613
3.166583 0.000000 0.000000 0.700000 7.241613
3.169085 0.000000 0.000000 0.700000 7.241613
3.171586 0.000000 0.000000 0.700000 7.241613
3.174087 0.000000 0.000000 0.700000 7.241613
3.176588 0.000000 0.000000 0.700000 7.241613
3.179090 0.000000 0.000000 0.700000 7.241613
3.181591 0.000000 0.000000 0.700000 7.241613
3.184092 0.000000 0.000000 0.700000 7.241613
3.186593 0.000000 0.000000 0.700000 7.241613
3.189095 0.000000 0.000000 0.700000 7.241613
3.191596 0.000000 0.000000 0.700000 7.241613
3.194097 0.000000 0.000000 0.700000 7.241613
3.196598 0.000000 0.000000 0.700000 7.241613
3.199100 0.000000 0.000000 0.700000 7.241613
3.201601 0.000000 0.000000 0.700000 7.241613
3.204102 0.000000 0.000000 0.700000 7.241613
3.206603 0.000000 0.000000 0.700000 7.241613
3.209105 0.000000 0.000000 0.700000 7.241613
3.211606 0.000000 0.000000 0.700000 7.241613
3.214107 0.000000 0.000000 0.700000 7.241613
3.216608 0.000000 0.000000 0.700000 7.241613
3.219110 0.000000 0.000000 0.700000 7.241613
3.221611 0.000000 0.000000 0.700000 7.241613
3.224112 0.000000 0.000000 0.700000 7.241613
3.226613 0.000000 0.000000 0.700000 7.241613
3.229115 0.000000 0.000000 0.700000 7.241613
3.231616 0.000000 0.000000 0.700000 7.241613
3.234117 0.000000 0.000000 0.700000 7.241613
3.236618 0.000000 0.000000 0.700000 7.241613
3.239120 0.000000 0.000000 0.700000 7.241613
3.241621 0.000000 0.000000 0.700000 7.241613
3.244122 0.000000 0.000000 0.700000 7.241613
3.246623 0.000000 0.000000 0.700000 7.241613
3.249125 0.000000 0.000000 0.700000 7.241613
3.251626 0.000000 0.000000 0.700000 7.241613
3.254127 0.000000 0.000000 0.700000 7.241613
3.256628 0.000000 0.000000 0.700000 7.241613
3.259130 0.000000 0.000000 0.700000 7.241613
3.261631 0.000000 0.000000 0.700000 7.241613
3.264132 0.000000 0.000000 0.700000 7.241613
3.266633 0.000000 0.000000 0.700000 7.241613
3.269135 0.000000 0.000000 0.700000 7.241613
3.271636 0.000000 0.000000 0.700000 7.241613
3.274137 0.000000 0.000000 0.700000 7.241613
3.276638 0.000000 0.000000 0.700000 7.241613
3.279140 0.000000 0.000000 0.700000 7.241613
3.281641 0.000000 0.000000 0.700000 7.241613
3.284142 0.000000 0.000000 0.700000 7.241613
3.286643 0.000000 0.000000 0.700000 7.241613
3.289145 0.000000 0.000000 0.700000 7.241613
3.291646 0.000000 0.000000 0.700000 7.241613
3.294147 0.000000 0.000000 0.700000 7.241613
3.296648 0.000000 0.000000 0.700000 7.241613
3.299150 0.000000 0.000000 0.700000 7.241613
3.301651 0.000000 0.000000 0.700000 7.241613
3.304152 0.000000 0.000000 0.700000 7.241613
3.306653 0.000000 0.000000 0.700000 7.241613
3.309155 0.000000 0.000000 0.700000 7.241613
3.311656 0.000000 0.000000 0.700000 7.241613
3.314157 0.000000 0.000000 0.700000 7.241613
3.316658 0.000000 0.000000 0.700000 7.241613
3.319160 0.000000 0.000000 0.700000 7.241613
3.321661 0.000000 0.000000 0.700000 7.241613
3.324162 0.000000 0.000000 0.700000 7.241613
3.326663 0.000000 0.000000 0.700000 7.241613
3.329165 0.000000 0.000000 0.700000 7.241613
3.331666 0.000000 0.000000 0.700000 7.241613
3.334167 0.000000 0.000000 0.700000 7.241613
3.336668 0.000000 0.000000 0.700000 7.241613
3.339170 0.000000 0.000000 0.700000 7.241613
3.341671 0.000000 0.000000 0.700000 7.241613
3.344172 0.000000 0.000000 0.700000 7.241613
3.346673 0.000000 0.000000 0.700000 7.241613
3.349175 0.000000 0.000000 0.700000 7.241613
3.351676 0.000000 0.000000 0.700000 7.241613
3.354177 0.000000 0.000000 0.700000 7.241613
3.356678 0.000000 0.000000 0.700000 7.241613
3.359180 0.000000 0.000000 0.700000 7.241613
3.361681 0.000000 0.000000 0.700000 7.241613
3.364182 0.000000 0.000000 0.700000 7.241613
3.366683 0.000000 0.000000 0.700000 7.241613
3.369185 0.000000 0.000000 0.700000 7.241613
3.371686 0.000000 0.000000 0.700000 7.241613
3.374187 0.000000 0.000000 0.700000 7.241613
3.376688 0.000000 0.000000 0.700000 7.241613
3.379190 0.000000 0.000000 0.700000 7.241613
3.381691 0.000000 0.000000 0.700000 7.241613
3.384192 0.000000 0.000000 0.700000 7.241613
3.386693 0.000000 0.000000 0.700000 7.241613
3.389195 0.000000 0.000000 0.700000 7.241613
3.391696 0.000000 0.000000 0.700000 7.241613
3.394197 0.000000 0.000000 0.700000 7.241613
3.396698 0.000000 0.000000 0.700000 7.241613
3.399200 0.000000 0.000000 0.700000 7.241613
3.401701 0.000000 0.000000 0.700000 7.241613
3.404202 0.000000 0.000000 0.700000 7.241613
3.406703 0.000000 0.000000 0.700000 7.241613
3.409205 0.000000 0.000000 0.700000 7.241613
3.411706 0.000000 0.000000 0.700000 7.241613
3.414207 0.000000 0.000000 0.700000 7.241613
3.416708 0.000000 0.000000 0.700000 7.241613
3.419210 0.000000 0.000000 0.700000 7.241613
3.421711 0.000000 0.000000 0.700000 7.241613
3.424212 0.000000 0.000000 0.700000 7.241613
3.426713 0.000000 0.000000 0.700000 7.241613
3.429215 0.000000 0.000000 0.700000 7.241613
3.431716 0.000000 0.000000 0.700000 7.241613
3.434217 0.000000 0.000000 0.700000 7.241613
3.436718 0.000000 0.000000 0.700000 7.241613
3.439220 0.000000 0.000000 0.700000 7.241613
3.441721 0.000000 0.000000 0.700000 7.241613
3.444222 0.000000 0.000000 0.700000 7.241613
3.446723 0.000000 0.000000 0.700000 7.241613
3.449225 0.000000 0.000000 0.700000 7.241613
3.451726 0.000000 0.000000 0.700000 7.241613
3.454227 0.000000 0.000000 0.700000 7.241613
3.456728 0.000000 0.000000 0.700000 7.241613
3.459230 0.000000 0.000000 0.700000 7.241613
3.461731 0.000000 0.000000 0.700000 7.241613
3.464232 0.000000 0.000000 0.700000 7.241613
3.466733 0.000000 0.000000 0.700000 7.241613
3.469235 0.000000 0.000000 0.700000 7.241613
3.471736 0.000000 0.000000 0.700000 7.241613
3.474237 0.000000 0.000000 0.700000 7.241613
3.476738 0.000000 0.000000 0.700000 7.241613
3.479240 0.000000 0.000000 0.700000 7.241613
3.481741 0.000000 0.000000 0.700000 7.241613
3.484242 0.000000 0.000000 0.700000 7.241613
3.486743 0.000000 0.000000 0.700000 7.241613
3.489245 0.000000 0.000000 0.700000 7.241613
3.491746 0.000000 0.000000 0.700000 7.241613
3.494247 0.000000 0.000000 0.700000 7.241613
3.496748 0.000000 0.000000 0.700000 7.241613
3.499250 0.000000 0.000000 0.700000 7.241613
3.501751 0.000000 0.000000 0.700000 7.241613
3.504252 0.000000 0.000000 0.700000 7.241613
3.506753 0.000000 0.000000 0.700000 7.241613
3.509255 0.000000 0.000000 0.700000 7.241613
3.511756 0.000000 0.000000 0.700000 7.241613
3.514257 0.000000 0.000000 0.700000 7.241613
3.516758 0.000000 0.000000 0.700000 7.241613
3.519260 0.000000 0.000000 0.700000 7.241613
3.521761 0.000000 0.000000 0.700000 7.241613
3.524262 0.000000 0.000000 0.700000 7.241613
3.526763 0.000000 0.000000 0.700000 7.241613
3.529265 0.000000 0.000000 0.700000 7.241613
3.531766 0.000000 0.000000 0.700000 7.241613
3.534267 0.000000 0.000000 0.700000 7.241613
3.536768 0.000000 0.000000 0.700000 7.241613
3.539270 0.000000 0.000000 0.700000 7.241613
3.541771 0.000000 0.000000 0.700000 7.241613
3.544272 0.000000 0.000000 0.700000 7.241613
3.546773 0.000000 0.000000 0.700000 7.241613
3.549275 0.000000 0.000000 0.700000 7.241613
3.551776 0.000000 0.000000 0.700000 7.241613
3.554277 0.000000 0.000000 0.700000 7.241613
3.556778 0.000000 0.000000 0.700000 7.241613
3.559280 0.000000 0.000000 0.700000 7.241613
3.561781 0.000000 0.000000 0.700000 7.241613
3.564282 0.000000 0.000000 0.700000 7.241613
3.566783 0.000000 0.000000 0.700000 7.241613
3.569285 0.000000 0.000000 0.700000 7.241613
3.571786 0.000000 0.000000 0.700000 7.241613
3.574287 0.000000 0.000000 0.700000 7.241613
3.576788 0.000000 0.000000 0.700000 7.241613
3.579290 0.000000 0.000000 0.700000 7.241613
3.581791 0.000000 0.000000 0.700000 7.241613
3.584292 0.000000 0.000000 0.700000 7.241613
3.586793 0.000000 0.000000 0.700000 7.241613
3.589295 0.000000 0.000000 0.700000 7.241613
3.591796 0.000000 0.000000 0.700000 7.241613
3.594297 0.000000 0.000000 0.700000 7.241613
3.596798 0.000000 0.000000 0.700000 7.241613
3.599300 0.000000 0.000000 0.700000 7.241613
3.601801 0.000000 0.000000 0.700000 7.241613
3.604302 0.000000 0.000000 0.700000 7.241613
3.606803 0.000000 0.000000 0.700000 7.241613
3.609305 0.000000 0.000000 0.700000 7.241613
3.611806 0.000000 0.000000 0.700000 7.241613
3.614307 0.000000 0.000000 0.700000 7.241613
3.616808 0.000000 0.000000 0.700000 7.241613
3.619310 0.000000 0.000000 0.700000 7.241613
3.621811 0.000000 0.000000 0.700000 7.241613
3.624312 0.000000 0.000000 0.700000 7.241613
3.626813 0.000000 0.000000 0.700000 7.241613
3.629315 0.000000 0.000000 0.700000 7.241613
3.631816 0.000000 0.000000 0.700000 7.241613
3.634317 0.000000 0.000000 0.700000 7.241613
3.636818 0.000000 0.000000 0.700000 7.241613
3.639320 0.000000 0.000000 0.700000 7.241613
3.641821 0.000000 0.000000 0.700000 7.241613
3.644322 0.000000 0.000000 0.700000 7.241613
3.646823 0.000000 0.000000 0.700000 7.241613
3.649325 0.000000 0.000000 0.700000 7.241613
3.651826 0.000000 0.000000 0.700000 7.241613
3.654327 0.000000 0.000000 0.700000 7.241613
3.656828 0.000000 0.000000 0.700000 7.241613
3.659330 0.000000 0.000000 0.700000 7.241613
3.661831 0.000000 0.000000 0.700000 7.241613
3.664332 0.000000 0.000000 0.700000 7.241613
3.666833 0.000000 0.000000 0.700000 7.241613
3.669335 0.000000 0.000000 0.700000 7.241613
3.671836 0.000000 0.000000 0.700000 7.241613
3.674337 0.000000 0.000000 0.700000 7.241613
3.676838 0.000000 0.000000 0.700000 7.241613
3.679340 0.000000 0.000000 0.700000 7.241613
3.681841 0.000000 0.000000 0.700000 7.241613
3.684342 0.000000 0.000000 0.700000 7.241613
3.686843 0.000000 0.000000 0.700000 7.241613
3.689345 0.000000 0.000000 0.700000 7.241613
3.691846 0.000000 0.000000 0.700000 7.241613
3.694347 0.000000 0.000000 0.700000 7.241613
3.696848 0.000000 0.000000 0.700000 7.241613
3.699350 0.000000 0.000000 0.700000 7.241613
3.701851 0.000000 0.000000 0.700000 7.241613
3.704352 0.000000 0.000000 0.700000 7.241613
3.706853 0.000000 0.000000 0.700000 7.241613
3.709355 0.000000 0.000000 0.700000 7.241613
3.711856 0.000000 0.000000 0.700000 7.241613
3.714357 0.000000 0.000000 0.700000 7.241613
3.716858 0.000000 0.000000 0.700000 7.241613
3.719360 0.000000 0.000000 0.700000 7.241613
3.721861 0.000000 0.000000 0.700000 7.241613
3.724362 0.000000 0.000000 0.700000 7.241613
3.726863 0.000000 0.000000 0.700000 7.241613
3.729365 0.000000 0.000000 0.700000 7.241613
3.731866 0.000000 0.000000 0.700000 7.241613
3.734367 0.000000 0.000000 0.700000 7.241613
3.736868 0.000000 0.000000 0.700000 7.241613
3.739370 0.000000 0.000000 0.700000 7.241613
3.741871 0.000000 0.000000 0.700000 7.241613
3.744372 0.000000 0.000000 0.700000 7.241613
3.746873 0.000000 0.000000 0.700000 7.241613
3.749375 0.000000 0.000000 0.700000 7.241613
3.751876 0.000000 0.000000 0.700000 7.241613
3.754377 0.000000 0.000000 0.700000 7.241613
3.756878 0.000000 0.000000 0.700000 7.241613
3.759380 0.000000 0.000000 0.700000 7.241613
3.761881 0.000000 0.000000 0.700000 7.241613
3.764382 0.000000 0.000000 0.700000 7.241613
3.766883 0.000000 0.000000 0.700000 7.241613
3.769385 0.000000 0.000000 0.700000 7.241613
3.771886 0.000000 0.000000 0.700000 7.241613
3.774387 0.000000 0.000000 0.700000 7.241613
3.776888 0.000000 0.000000 0.700000 7.241613
3.779390 0.000000 0.000000 0.700000 7.241613
3.781891 0.000000 0.000000 0.700000 7.241613
3.784392 0.000000 0.000000 0.700000 7.241613
3.786893 0.000000 0.000000 0.700000 7.241613
3.789395 0.000000 0.000000 0.700000 7.241613
3.791896 0.000000 0.000000 0.700000 7.241613
3.794397 0.000000 0.000000 0.700000 7.241613
3.796898 0.000000 0.000000 0.700000 7.241613
3.799400 0.000000 0.000000 0.700000 7.241613
3.801901 0.000000 0.000000 0.700000 7.241613
3.804402 0.000000 0.000000 0.700000 7.241613
3.806903 0.000000 0.000000 0.700000 7.241613
3.809405 0.000000 0.000000 0.700000 7.241613
3.811906 0.000000 0.000000 0.700000 7.241613
3.814407 0.000000 0.000000 0.700000 7.241613
3.816908 0.000000 0.000000 0.700000 7.241613
3.819410 0.000000 0.000000 0.700000 7.241613
3.821911 0.000000 0.000000 0.700000 7.241613
3.824412 0.000000 0.000000 0.700000 7.241613
3.826913 0.000000 0.000000 0.700000 7.241613
3.829415 0.000000 0.000000 0.700000 7.241613
3.831916 0.000000 0.000000 0.700000 7.241613
3.834417 0.000000 0.000000 0.700000 7.241613
3.836918 0.000000 0.000000 0.700000 7.241613
3.839420 0.000000 0.000000 0.700000 7.241613
3.841921 0.000000 0.000000 0.700000 7.241613
3.844422 0.000000 0.000000 0.700000 7.241613
3.846923 0.000000 0.000000 0.700000 7.241613
3.849425 0.000000 0.000000 0.700000 7.241613
3.851926 0.000000 0.000000 0.700000 7.241613
3.854427 0.000000 0.000000 0.700000 7.241613
3.856928 0.000000 0.000000 0.700000 7.241613
3.859430 0.000000 0.000000 0.700000 7.241613
3.861931 0.000000 0.000000 0.700000 7.241613
3.864432 0.000000 0.000000 0.700000 7.241613
3.866933 0.000000 0.000000 0.700000 7.241613
3.869435 0.000000 0.000000 0.700000 7.241613
3.871936 0.000000 0.000000 0.700000 7.241613
3.874437 0.000000 0.000000 0.700000 7.241613
3.876938 0.000000 0.000000 0.700000 7.241613
3.879440 0.000000 0.000000 0.700000 7.241613
3.881941 0.000000 0.000000 0.700000 7.241613
3.884442 0.000000 0.000000 0.700000 7.241613
3.886943 0.000000 0.000000 0.700000 7.241613
3.889445 0.000000 0.000000 0.700000 7.241613
3.891946 0.000000 0.000000 0.700000 7.241613
3.894447 0.000000 0.000000 0.700000 7.241613
3.896948 0.000000 0.000000 0.700000 7.241613
3.899450 0.000000 0.000000 0.700000 7.241613
3.901951 0.000000 0.000000 0.700000 7.241613
3.904452 0.000000 0.000000 0.700000 7.241613
3.906953 0.000000 0.000000 0.700000 7.241613
3.909455 0.000000 0.000000 0.700000 7.241613
3.911956 0.000000 0.000000 0.700000 7.241613
3.914457 0.000000 0.000000 0.700000 7.241613
3.916958 0.000000 0.000000 0.700000 7.241613
3.919460 0.000000 0.000000 0.700000 7.241613
3.921961 0.000000 0.000000 0.700000 7.241613
3.924462 0.000000 0.000000 0.700000 7.241613
3.926963 0.000000 0.000000 0.700000 7.241613
3.929465 0.000000 0.000000 0.700000 7.241613
3.931966 0.000000 0.000000 0.700000 7.241613
3.934467 0.000000 0.000000 0.700000 7.241613
3.936968 0.000000 0.000000 0.700000 7.241613
3.939470 0.000000 0.000000 0.700000 7.241613
3.941971 0.000000 0.000000 0.700000 7.241613
3.944472 0.000000 0.000000 0.700000 7.241613
3.946973 0.000000 0.000000 0.700000 7.241613
3.949475 0.000000 0.000000 0.700000 7.241613
3.951976 0.000000 0.000000 0.700000 7.241613
3.954477 0.000000 0.000000 0.700000 7.241613
3.956978 0.000000 0.000000 0.700000 7.241613
3.959480 0.000000 0.000000 0.700000 7.241613
3.961981 0.000000 0.000000 0.700000 7.241613
3.964482 0.000000 0.000000 0.700000 7.241613
3.966983 0.000000 0.000000 0.700000 7.241613
3.969485 0.000000 0.000000 0.700000 7.241613
3.971986 0.000000 0.000000 0.700000 7.241613
3.974487 0.000000 0.000000 0.700000 7.241613
3.976988 0.000000 0.000000 0.700000 7.241613
3.979490 0.000000 0.000000 0.700000 7.241613
3.981991 0.000000 0.000000 0.700000 7.241613
3.984492 0.000000 0.000000 0.700000 7.241613
3.986993 0.000000 0.000000 0.700000 7.241613
3.989495 0.000000 0.000000 0.700000 7.241613
3.991996 0.000000 0.000000 0.700000 7.241613
3.994497 0.000000 0.000000 0.700000 7.241613
3.996998 0.000000 0.000000 0.700000 7.241613
3.999500 0.000000 0.000000 0.700000 7.241613
4.002001 0.000000 0.000000 0.700000 7.241613
4.004502 0.000000 0.000000 0.700000 7.241613
4.007004 0.000000 0.000000 0.700000 7.241613
4.009505 0.000000 0.000000 0.700000 7.241613
4.012006 0.000000 0.000000 0.700000 7.241613
4.014507 0.000000 0.000000 0.700000 7.241613
4.017009 0.000000 0.000000 0.700000 7.241613
4.019510 0.000000 0.000000 0.700000 7.241613
4.022011 0.000000 0.000000 0.700000 7.241613
4.024512 0.000000 0.000000 0.700000 7.241613
4.027014 0.000000 0.000000 0.700000 7.241613
4.029515 0.000000 0.000000 0.700000 7.241613
4.032016 0.000000 0.000000 0.700000 7.241613
4.034517 0.000000 0.000000 0.700000 7.241613
4.037019 0.000000 0.000000 0.700000 7.241613
4.039520 0.000000 0.000000 0.700000 7.241613
4.042021 0.000000 0.000000 0.700000 7.241613
4.044522 0.000000 0.000000 0.700000 7.241613
4.047024 0.000000 0.000000 0.700000 7.241613
4.049525 0.000000 0.000000 0.700000 7.241613
4.052026 0.000000 0.000000 0.700000 7.241613
4.054527 0.000000 0.000000 0.700000 7.241613
4.057029 0.000000 0.000000 0.700000 7.241613
4.059530 0.000000 0.000000 0.700000 7.241613
4.062031 0.000000 0.000000 0.700000 7.241613
4.064532 0.000000 0.000000 0.700000 7.241613
4.067034 0.000000 0.000000 0.700000 7.241613
4.069535 0.000000 0.000000 0.700000 7.241613
4.072036 0.000000 0.000000 0.700000 7.241613
4.074537 0.000000 0.000000 0.700000 7.241613
4.077039 0.000000 0.000000 0.700000 7.241613
4.079540 0.000000 0.000000 0.700000 7.241613
4.082041 0.000000 0.000000 0.700000 7.241613
4.084542 0.000000 0.000000 0.700000 7.241613
4.087044 0.000000 0.000000 0.700000 7.241613
4.089545 0.000000 0.000000 0.700000 7.241613
4.092046 0.000000 0.000000 0.700000 7.241613
4.094547 0.000000 0.000000 0.700000 7.241613
4.097049 0.000000 0.000000 0.700000 7.241613
4.099550 0.000000 0.000000 0.700000 7.241613
4.102051 0.000000 0.000000 0.700000 7.241613
4.104552 0.000000 0.000000 0.700000 7.241613
4.107054 0.000000 0.000000 0.700000 7.241613
4.109555 0.000000 0.000000 0.700000 7.241613
4.112056 0.000000 0.000000 0.700000 7.241613
4.114557 0.000000 0.000000 0.700000 7.241613
4.117059 0.000000 0.000000 0.700000 7.241613
4.119560 0.000000 0.000000 0.700000 7.241613
4.122061 0.000000 0.000000 0.700000 7.241613
4.124562 0.000000 0.000000 0.700000 7.241613
4.127064 0.000000 0.000000 0.700000 7.241613
4.129565 0.000000 0.000000 0.700000 7.241613
4.132066 0.000000 0.000000 0.700000 7.241613
4.134567 0.000000 0.000000 0.700000 7.241613
4.137069 0.000000 0.000000 0.700000 7.241613
4.139570 0.000000 0.000000 0.700000 7.241613
4.142071 0.000000 0.000000 0.700000 7.241613
4.144572 0.000000 0.000000 0.700000 7.241613
4.147074 0.000000 0.000000 0.700000 7.241613
4.149575 0.000000 0.000000 0.700000 7.241613
4.152076 0.000000 0.000000 0.700000 7.241613
4.154577 0.000000 0.000000 0.700000 7.241613
4.157079 0.000000 0.000000 0.700000 7.241613
4.159580 0.000000 0.000000 0.700000 7.241613
4.162081 0.000000 0.000000 0.700000 7.241613
4.164582 0.000000 0.000000 0.700000 7.241613
4.167084 0.000000 0.000000 0.700000 7.241613
4.169585 0.000000 0.000000 0.700000 7.241613
4.172086 0.000000 0.000000 0.700000 7.241613
4.174587 0.000000 0.000000 0.700000 7.241613
4.177089 0.000000 0.000000 0.700000 7.241613
4.179590 0.000000 0.000000 0.700000 7.241613
4.182091 0.000000 0.000000 0.700000 7.241613
4.184592 0.000000 0.000000 0.700000 7.241613
4.187094 0.000000 0.000000 0.700000 7.241613
4.189595 0.000000 0.000000 0.700000 7.241613
4.192096 0.000000 0.000000 0.700000 7.241613
4.194597 0.000000 0.000000 0.700000 7.241613
4.197099 0.000000 0.000000 0.700000 7.241613
4.199600 0.000000 0.000000 0.700000 7.241613
4.202101 0.000000 0.000000 0.700000 7.241613
4.204602 0.000000 0.000000 0.700000 7.241613
4.207104 0.000000 0.000000 0.700000 7.241613
4.209605 0.000000 0.000000 0.700000 7.241613
4.212106 0.000000 0.000000 0.700000 7.241613
4.214607 0.000000 0.000000 0.700000 7.241613
4.217109 0.000000 0.000000 0.700000 7.241613
4.219610 0.000000 0.000000 0.700000 7.241613
4.222111 0.000000 0.000000 0.700000 7.241613
4.224612 0.000000 0.000000 0.700000 7.241613
4.227114 0.000000 0.000000 0.700000 7.241613
4.229615 0.000000 0.000000 0.700000 7.241613
4.232116 0.000000 0.000000 0.700000 7.241613
4.234617 0.000000 0.000000 0.700000 7.241613
4.237119 0.000000 0.000000 0.700000 7.241613
4.239620 0.000000 0.000000 0.700000 7.241613
4.242121 0.000000 0.000000 0.700000 7.241613
4.244622 0.000000 0.000000 0.700000 7.241613
4.247124 0.000000 0.000000 0.700000 7.241613
4.249625 0.000000 0.000000 0.700000 7.241613
4.252126 0.000000 0.000000 0.700000 7.241613
4.254627 0.000000 0.000000 0.700000 7.241613
4.257129 0.000000 0.000000 0.700000 7.241613
4.259630 0.000000 0.000000 0.700000 7.241613
4.262131 0.000000 0.000000 0.700000 7.241613
4.264632 0.000000 0.000000 0.700000 7.241613
4.267134 0.000000 0.000000 0.700000 7.241613
4.269635 0.000000 0.000000 0.700000 7.241613
4.272136 0.000000 0.000000 0.700000 7.241613
4.274637 0.000000 0.000000 0.700000 7.241613
4.277139 0.000000 0.000000 0.700000 7.241613
4.279640 0.000000 0.000000 0.700000 7.241613
4.282141 0.000000 0.000000 0.700000 7.241613
4.284642 0.000000 0.000000 0.700000 7.241613
4.287144 0.000000 0.000000 0.700000 7.241613
4.289645 0.000000 0.000000 0.700000 7.241613
4.292146 0.000000 0.000000 0.700000 7.241613
4.294647 0.000000 0.000000 0.700000 7.241613
4.297149 0.000000 0.000000 0.700000 7.241613
4.299650 0.000000 0.000000 0.700000 7.241613
4.302151 0.000000 0.000000 0.700000 7.241613
4.304652 0.000000 0.000000 0.700000 7.241613
4.307154 0.000000 0.000000 0.700000 7.241613
4.309655 0.000000 0.000000 0.700000 7.241613
4.312156 0.000000 0.000000 0.700000 7.241613
4.314657 0.000000 0.000000 0.700000 7.241613
4.317159 0.000000 0.000000 0.700000 7.241613
4.319660 0.000000 0.000000 0.700000 7.241613
4.322161 0.000000 0.000000 0.700000 7.241613
4.324662 0.000000 0.000000 0.700000 7.241613
4.327164 0.000000 0.000000 0.700000 7.241613
4.329665 0.000000 0.000000 0.700000 7.241613
4.332166 0.000000 0.000000 0.700000 7.241613
4.334667 0.000000 0.000000 0.700000 7.241613
4.337169 0.000000 0.000000 0.700000 7.241613
4.339670 0.000000 0.000000 0.700000 7.241613
4.342171 0.000000 0.000000 0.700000 7.241613
4.344672 0.000000 0.000000 0.700000 7.241613
4.347174 0.000000 0.000000 0.700000 7.241613
4.349675 0.000000 0.000000 0.700000 7.241613
4.352176 0.000000 0.000000 0.700000 7.241613
4.354677 0.000000 0.000000 0.700000 7.241613
4.357179 0.000000 0.000000 0.700000 7.241613
4.359680 0.000000 0.000000 0.700000 7.241613
4.362181 0.000000 0.000000 0.700000 7.241613
4.364682 0.000000 0.000000 0.700000 7.241613
4.367184 0.000000 0.000000 0.700000 7.241613
4.369685 0.000000 0.000000 0.700000 7.241613
4.372186 0.000000 0.000000 0.700000 7.241613
4.374687 0.000000 0.000000 0.700000 7.241613
4.377189 0.000000 0.000000 0.700000 7.241613
4.379690 0.000000 0.000000 0.700000 7.241613
4.382191 0.000000 0.000000 0.700000 7.241613
4.384692 0.000000 0.000000 0.700000 7.241613
4.387194 0.000000 0.000000 0.700000 7.241613
4.389695 0.000000 0.000000 0.700000 7.241613
4.392196 0.000000 0.000000 0.700000 7.241613
4.394697 0.000000 0.000000 0.700000 7.241613
4.397199 0.000000 0.000000 0.700000 7.241613
4.399700 0.000000 0.000000 0.700000 7.241613
4.402201 0.000000 0.000000 0.700000 7.241613
4.404702 0.000000 0.000000 0.700000 7.241613
4.407204 0.000000 0.000000 0.700000 7.241613
4.409705 0.000000 0.000000 0.700000 7.241613
4.412206 0.000000 0.000000 0.700000 7.241613
4.414707 0.000000 0.000000 0.700000 7.241613
4.417209 0.000000 0.000000 0.700000 7.241613
4.419710 0.000000 0.000000 0.700000 7.241613
4.422211 0.000000 0.000000 0.700000 7.241613
4.424712 0.000000 0.000000 0.700000 7.241613
4.427214 0.000000 0.000000 0.700000 7.241613
4.429715 0.000000 0.000000 0.700000 7.241613
4.432216 0.000000 0.000000 0.700000 7.241613
4.434717 0.000000 0.000000 0.700000 7.241613
4.437219 0.000000 0.000000 0.700000 7.241613
4.439720 0.000000 0.000000 0.700000 7.241613
4.442221 0.000000 0.000000 0.700000 7.241613
4.444722 0.000000 0.000000 0.700000 7.241613
4.447224 0.000000 0.000000 0.700000 7.241613
4.449725 0.000000 0.000000 0.700000 7.241613
4.452226 0.000000 0.000000 0.700000 7.241613
4.454727 0.000000 0.000000 0.700000 7.241613
4.457229 0.000000 0.000000 0.700000 7.241613
4.459730 0.000000 0.000000 0.700000 7.241613
4.462231 0.000000 0.000000 0.700000 7.241613
4.464732 0.000000 0.000000 0.700000 7.241613
4.467234 0.000000 0.000000 0.700000 7.241613
4.469735 0.000000 0.000000 0.700000 7.241613
4.472236 0.000000 0.000000 0.700000 7.241613
4.474737 0.000000 0.000000 0.700000 7.241613
4.477239 0.000000 0.000000 0.700000 7.241613
4.479740 0.000000 0.000000 0.700000 7.241613
4.482241 0.000000 0.000000 0.700000 7.241613
4.484742 0.000000 0.000000 0.700000 7.241613
4.487244 0.000000 0.000000 0.700000 7.241613
4.489745 0.000000 0.000000 0.700000 7.241613
4.492246 0.000000 0.000000 0.700000 7.241613
4.494747 0.000000 0.000000 0.700000 7.241613
4.497249 0.000000 0.000000 0.700000 7.241613
4.499750 0.000000 0.000000 0.700000 7.241613
4.502251 0.000000 0.000000 0.700000 7.241613
4.504752 0.000000 0.000000 0.700000 7.241613
4.507254 0.000000 0.000000 0.700000 7.241613
4.509755 0.000000 0.000000 0.700000 7.241613
4.512256 0.000000 0.000000 0.700000 7.241613
4.514757 0.000000 0.000000 0.700000 7.241613
4.517259 0.000000 0.000000 0.700000 7.241613
4.519760 0.000000 0.000000 0.700000 7.241613
4.522261 0.000000 0.000000 0.700000 7.241613
4.524762 0.000000 0.000000 0.700000 7.241613
4.527264 0.000000 0.000000 0.700000 7.241613
4.529765 0.000000 0.000000 0.700000 7.241613
4.532266 0.000000 0.000000 0.700000 7.241613
4.534767 0.000000 0.000000 0.700000 7.241613
4.537269 0.000000 0.000000 0.700000 7.241613
4.539770 0.000000 0.000000 0.700000 7.241613
4.542271 0.000000 0.000000 0.700000 7.241613
4.544772 0.000000 0.000000 0.700000 7.241613
4.547274 0.000000 0.000000 0.700000 7.241613
4.549775 0.000000 0.000000 0.700000 7.241613
4.552276 0.000000 0.000000 0.700000 7.241613
4.554777 0.000000 0.000000 0.700000 7.241613
4.557279 0.000000 0.000000 0.700000 7.241613
4.559780 0.000000 0.000000 0.700000 7.241613
4.562281 0.000000 0.000000 0.700000 7.241613
4.564782 0.000000 0.000000 0.700000 7.241613
4.567284 0.000000 0.000000 0.700000 7.241613
4.569785 0.000000 0.000000 0.700000 7.241613
4.572286 0.000000 0.000000 0.700000 7.241613
4.574787 0.000000 0.000000 0.700000 7.241613
4.577289 0.000000 0.000000 0.700000 7.241613
4.579790 0.000000 0.000000 0.700000 7.241613
4.582291 0.000000 0.000000 0.700000 7.241613
4.584792 0.000000 0.000000 0.700000 7.241613
4.587294 0.000000 0.000000 0.700000 7.241613
4.589795 0.000000 0.000000 0.700000 7.241613
4.592296 0.000000 0.000000 0.700000 7.241613
4.594797 0.000000 0.000000 0.700000 7.241613
4.597299 0.000000 0.000000 0.700000 7.241613
4.599800 0.000000 0.000000 0.700000 7.241613
4.602301 0.000000 0.000000 0.700000 7.241613
4.604802 0.000000 0.000000 0.700000 7.241613
4.607304 0.000000 0.000000 0.700000 7.241613
4.609805 0.000000 0.000000 0.700000 7.241613
4.612306 0.000000 0.000000 0.700000 7.241613
4.614807 0.000000 0.000000 0.700000 7.241613
4.617309 0.000000 0.000000 0.700000 7.241613
4.619810 0.000000 0.000000 0.700000 7.241613
4.622311 0.000000 0.000000 0.700000 7.241613
4.624812 0.000000 0.000000 0.700000 7.241613
4.627314 0.000000 0.000000 0.700000 7.241613
4.629815 0.000000 0.000000 0.700000 7.241613
4.632316 0.000000 0.000000 0.700000 7.241613
4.634817 0.000000 0.000000 0.700000 7.241613
4.637319 0.000000 0.000000 0.700000 7.241613
4.639820 0.000000 0.000000 0.700000 7.241613
4.642321 0.000000 0.000000 0.700000 7.241613
4.644822 0.000000 0.000000 0.700000 7.241613
4.647324 0.000000 0.000000 0.700000 7.241613
4.649825 0.000000 0.000000 0.700000 7.241613
4.652326 0.000000 0.000000 0.700000 7.241613
4.654827 0.000000 0.000000 0.700000 7.241613
4.657329 0.000000 0.000000 0.700000 7.241613
4.659830 0.000000 0.000000 0.700000 7.241613
4.662331 0.000000 0.000000 0.700000 7.241613
4.664832 0.000000 0.000000 0.700000 7.241613
4.667334 0.000000 0.000000 0.700000 7.241613
4.669835 0.000000 0.000000 0.700000 7.241613
4.672336 0.000000 0.000000 0.700000 7.241613
4.674837 0.000000 0.000000 0.700000 7.241613
4.677339 0.000000 0.000000 0.700000 7.241613
4.679840 0.000000 0.000000 0.700000 7.241613
4.682341 0.000000 0.000000 0.700000 7.241613
4.684842 0.000000 0.000000 0.700000 7.241613
4.687344 0.000000 0.000000 0.700000 7.241613
4.689845 0.000000 0.000000 0.700000 7.241613
4.692346 0.000000 0.000000 0.700000 7.241613
4.694847 0.000000 0.000000 0.700000 7.241613
4.697349 0.000000 0.000000 0.700000 7.241613
4.699850 0.000000 0.000000 0.700000 7.241613
4.702351 0.000000 0.000000 0.700000 7.241613
4.704852 0.000000 0.000000 0.700000 7.241613
4.707354 0.000000 0.000000 0.700000 7.241613
4.709855 0.000000 0.000000 0.700000 7.241613
4.712356 0.000000 0.000000 0.700000 7.241613
4.714857 0.000000 0.000000 0.700000 7.241613
4.717359 0.000000 0.000000 0.700000 7.241613
4.719860 0.000000 0.000000 0.700000 7.241613
4.722361 0.000000 0.000000 0.700000 7.241613
4.724862 0.000000 0.000000 0.700000 7.241613
4.727364 0.000000 0.000000 0.700000 7.241613
4.729865 0.000000 0.000000 0.700000 7.241613
4.732366 0.000000 0.000000 0.700000 7.241613
4.734867 0.000000 0.000000 0.700000 7.241613
4.737369 0.000000 0.000000 0.700000 7.241613
4.739870 0.000000 0.000000 0.700000 7.241613
4.742371 0.000000 0.000000 0.700000 7.241613
4.744872 0.000000 0.000000 0.700000 7.241613
4.747374 0.000000 0.000000 0.700000 7.241613
4.749875 0.000000 0.000000 0.700000 7.241613
4.752376 0.000000 0.000000 0.700000 7.241613
4.754877 0.000000 0.000000 0.700000 7.241613
4.757379 0.000000 0.000000 0.700000 7.241613
4.759880 0.000000 0.000000 0.700000 7.241613
4.762381 0.000000 0.000000 0.700000 7.241613
4.764882 0.000000 0.000000 0.700000 7.241613
4.767384 0.000000 0.000000 0.700000 7.241613
4.769885 0.000000 0.000000 0.700000 7.241613
4.772386 0.000000 0.000000 0.700000 7.241613
4.774887 0.000000 0.000000 0.700000 7.241613
4.777389 0.000000 0.000000 0.700000 7.241613
4.779890 0.000000 0.000000 0.700000 7.241613
4.782391 0.000000 0.000000 0.700000 7.241613
4.784892 0.000000 0.000000 0.700000 7.241613
4.787394 0.000000 0.000000 0.700000 7.241613
4.789895 0.000000 0.000000 0.700000 7.241613
4.792396 0.000000 0.000000 0.700000 7.241613
4.794897 0.000000 0.000000 0.700000 7.241613
4.797399 0.000000 0.000000 0.700000 7.241613
4.799900 0.000000 0.000000 0.700000 7.241613
4.802401 0.000000 0.000000 0.700000 7.241613
4.804902 0.000000 0.000000 0.700000 7.241613
4.807404 0.000000 0.000000 0.700000 7.241613
4.809905 0.000000 0.000000 0.700000 7.241613
4.812406 0.000000 0.000000 0.700000 7.241613
4.814907 0.000000 0.000000 0.700000 7.241613
4.817409 0.000000 0.000000 0.700000 7.241613
4.819910 0.000000 0.000000 0.700000 7.241613
4.822411 0.000000 0.000000 0.700000 7.241613
4.824912 0.000000 0.000000 0.700000 7.241613
4.827414 0.000000 0.000000 0.700000 7.241613
4.829915 0.000000 0.000000 0.700000 7.241613
4.832416 0.000000 0.000000 0.700000 7.241613
4.834917 0.000000 0.000000 0.700000 7.241613
4.837419 0.000000 0.000000 0.700000 7.241613
4.839920 0.000000 0.000000 0.700000 7.241613
4.842421 0.000000 0.000000 0.700000 7.241613
4.844922 0.000000 0.000000 0.700000 7.241613
4.847424 0.000000 0.000000 0.700000 7.241613
4.849925 0.000000 0.000000 0.700000 7.241613
4.852426 0.000000 0.000000 0.700000 7.241613
4.854927 0.000000 0.000000 0.700000 7.241613
4.857429 0.000000 0.000000 0.700000 7.241613
4.859930 0.000000 0.000000 0.700000 7.241613
4.862431 0.000000 0.000000 0.700000 7.241613
4.864932 0.000000 0.000000 0.700000 7.241613
4.867434 0.000000 0.000000 0.700000 7.241613
4.869935 0.000000 0.000000 0.700000 7.241613
4.872436 0.000000 0.000000 0.700000 7.241613
4.874937 0.000000 0.000000 0.700000 7.241613
4.877439 0.000000 0.000000 0.700000 7.241613
4.879940 0.000000 0.000000 0.700000 7.241613
4.882441 0.000000 0.000000 0.700000 7.241613
4.884942 0.000000 0.000000 0.700000 7.241613
4.887444 0.000000 0.000000 0.700000 7.241613
4.889945 0.000000 0.000000 0.700000 7.241613
4.892446 0.000000 0.000000 0.700000 7.241613
4.894947 0.000000 0.000000 0.700000 7.241613
4.897449 0.000000 0.000000 0.700000 7.241613
4.899950 0.000000 0.000000 0.700000 7.241613
4.902451 0.000000 0.000000 0.700000 7.241613
4.904952 0.000000 0.000000 0.700000 7.241613
4.907454 0.000000 0.000000 0.700000 7.241613
4.909955 0.000000 0.000000 0.700000 7.241613
4.912456 0.000000 0.000000 0.700000 7.241613
4.914957 0.000000 0.000000 0.700000 7.241613
4.917459 0.000000 0.000000 0.700000 7.241613
4.919960 0.000000 0.000000 0.700000 7.241613
4.922461 0.000000 0.000000 0.700000 7.241613
4.924962 0.000000 0.000000 0.700000 7.241613
4.927464 0.000000 0.000000 0.700000 7.241613
4.929965 0.000000 0.000000 0.700000 7.241613
4.932466 0.000000 0.000000 0.700000 7.241613
4.934967 0.000000 0.000000 0.700000 7.241613
4.937469 0.000000 0.000000 0.700000 7.241613
4.939970 0.000000 0.000000 0.700000 7.241613
4.942471 0.000000 0.000000 0.700000 7.241613
4.944972 0.000000 0.000000 0.700000 7.241613
4.947474 0.000000 0.000000 0.700000 7.241613
4.949975 0.000000 0.000000 0.700000 7.241613
4.952476 0.000000 0.000000 0.700000 7.241613
4.954977 0.000000 0.000000 0.700000 7.241613
4.957479 0.000000 0.000000 0.700000 7.241613
4.959980 0.000000 0.000000 0.700000 7.241613
4.962481 0.000000 0.000000 0.700000 7.241613
4.964982 0.000000 0.000000 0.700000 7.241613
4.967484 0.000000 0.000000 0.700000 7.241613
4.969985 0.000000 0.000000 0.700000 7.241613
4.972486 0.000000 0.000000 0.700000 7.241613
4.974987 0.000000 0.000000 0.700000 7.241613
4.977489 0.000000 0.000000 0.700000 7.241613
4.979990 0.000000 0.000000 0.700000 7.241613
4.982491 0.000000 0.000000 0.700000 7.241613
4.984992 0.000000 0.000000 0.700000 7.241613
4.987494 0.000000 0.000000 0.700000 7.241613
4.989995 0.000000 0.000000 0.700000 7.241613
4.992496 0.000000 0.000000 0.700000 7.241613
4.994997 0.000000 0.000000 0.700000 7.241613
4.997499 0.000000 0.000000 0.700000 7.241613
5.000000 0.000000 0.000000 0.700000 7.241613
