 0.0000 -6.6680 -6.6680
 0.0000 -6.2680 -6.6680
 0.0000 -5.8680 -6.6680
 0.0000 -5.4680 -6.6680
 0.0000 -5.0680 -6.6680
 0.0000 -4.6680 -6.6680
 0.0000 -4.2680 -6.6680
 0.0000 -3.8680 -6.6680
 0.0000 -3.4680 -6.6680
 0.0000 -3.0680 -6.6680
 0.0000 -2.6680 -6.6680
 0.0000 -2.2680 -6.6680
 0.0000 -1.8680 -6.6680
 0.0000 -1.4680 -6.6680
 0.0000 -1.0680 -6.6680
 0.0000 -0.6680 -6.6680
 0.0000 -0.2680 -6.6680
 0.0000 0.1320 -6.6680
 0.0000 0.5320 -6.6680
 0.0000 0.9320 -6.6680
 0.0000 1.3320 -6.6680
 0.0000 1.7320 -6.6680
 0.0000 2.1320 -6.6680
 0.0000 2.5320 -6.6680
 0.0000 2.9320 -6.6680
 0.0000 3.3320 -6.6680
 0.0000 3.7320 -6.6680
 0.0000 4.1320 -6.6680
 0.0000 4.5320 -6.6680
 0.0000 4.9320 -6.6680
 0.0000 5.3320 -6.6680
 0.0000 5.7320 -6.6680
 0.0000 6.1320 -6.6680
 0.0000 -6.4680 -6.3216
 0.0000 -6.0680 -6.3216
 0.0000 -5.6680 -6.3216
 0.0000 -5.2680 -6.3216
 0.0000 -4.8680 -6.3216
 0.0000 -4.4680 -6.3216
 0.0000 -4.0680 -6.3216
 0.0000 -3.6680 -6.3216
 0.0000 -3.2680 -6.3216
 0.0000 -2.8680 -6.3216
 0.0000 -2.4680 -6.3216
 0.0000 -2.0680 -6.3216
 0.0000 -1.6680 -6.3216
 0.0000 -1.2680 -6.3216
 0.0000 -0.8680 -6.3216
 0.0000 -0.4680 -6.3216
 0.0000 -0.0680 -6.3216
 0.0000 0.3320 -6.3216
 0.0000 0.7320 -6.3216
 0.0000 1.1320 -6.3216
 0.0000 1.5320 -6.3216
 0.0000 1.9320 -6.3216
 0.0000 2.3320 -6.3216
 0.0000 2.7320 -6.3216
 0.0000 3.1320 -6.3216
 0.0000 3.5320 -6.3216
 0.0000 3.9320 -6.3216
 0.0000 4.3320 -6.3216
 0.0000 4.7320 -6.3216
 0.0000 5.1320 -6.3216
 0.0000 5.5320 -6.3216
 0.0000 5.9320 -6.3216
 0.0000 6.3320 -6.3216
 0.0000 -6.6680 -5.9752
 0.0000 -6.2680 -5.9752
 0.0000 -5.8680 -5.9752
 0.0000 -5.4680 -5.9752
 0.0000 -5.0680 -5.9752
 0.0000 -4.6680 -5.9752
 0.0000 -4.2680 -5.9752
 0.0000 -3.8680 -5.9752
 0.0000 -3.4680 -5.9752
 0.0000 -3.0680 -5.9752
 0.0000 -2.6680 -5.9752
 0.0000 -2.2680 -5.9752
 0.0000 -1.8680 -5.9752
 0.0000 -1.4680 -5.9752
 0.0000 -1.0680 -5.9752
 0.0000 -0.6680 -5.9752
 0.0000 -0.2680 -5.9752
 0.0000 0.1320 -5.9752
 0.0000 0.5320 -5.9752
 0.0000 0.9320 -5.9752
 0.0000 1.3320 -5.9752
 0.0000 1.7320 -5.9752
 0.0000 2.1320 -5.9752
 0.0000 2.5320 -5.9752
 0.0000 2.9320 -5.9752
 0.0000 3.3320 -5.9752
 0.0000 3.7320 -5.9752
 0.0000 4.1320 -5.9752
 0.0000 4.5320 -5.9752
 0.0000 4.9320 -5.9752
 0.0000 5.3320 -5.9752
 0.0000 5.7320 -5.9752
 0.0000 6.1320 -5.9752
 0.0000 -6.4680 -5.6288
 0.0000 -6.0680 -5.6288
 0.0000 -5.6680 -5.6288
 0.0000 -5.2680 -5.6288
 0.0000 -4.8680 -5.6288
 0.0000 -4.4680 -5.6288
 0.0000 -4.0680 -5.6288
 0.0000 -3.6680 -5.6288
 0.0000 -3.2680 -5.6288
 0.0000 -2.8680 -5.6288
 0.0000 -2.4680 -5.6288
 0.0000 -2.0680 -5.6288
 0.0000 -1.6680 -5.6288
 0.0000 -1.2680 -5.6288
 0.0000 -0.8680 -5.6288
 0.0000 -0.4680 -5.6288
 0.0000 -0.0680 -5.6288
 0.0000 0.3320 -5.6288
 0.0000 0.7320 -5.6288
 0.0000 1.1320 -5.6288
 0.0000 1.5320 -5.6288
 0.0000 1.9320 -5.6288
 0.0000 2.3320 -5.6288
 0.0000 2.7320 -5.6288
 0.0000 3.1320 -5.6288
 0.0000 3.5320 -5.6288
 0.0000 3.9320 -5.6288
 0.0000 4.3320 -5.6288
 0.0000 4.7320 -5.6288
 0.0000 5.1320 -5.6288
 0.0000 5.5320 -5.6288
 0.0000 5.9320 -5.6288
 0.0000 6.3320 -5.6288
 0.0000 -6.6680 -5.2824
 0.0000 -6.2680 -5.2824
 0.0000 -5.8680 -5.2824
 0.0000 -5.4680 -5.2824
 0.0000 -5.0680 -5.2824
 0.0000 -4.6680 -5.2824
 0.0000 -4.2680 -5.2824
 0.0000 -3.8680 -5.2824
 0.0000 -3.4680 -5.2824
 0.0000 -3.0680 -5.2824
 0.0000 -2.6680 -5.2824
 0.0000 -2.2680 -5.2824
 0.0000 -1.8680 -5.2824
 0.0000 -1.4680 -5.2824
 0.0000 -1.0680 -5.2824
 0.0000 -0.6680 -5.2824
 0.0000 -0.2680 -5.2824
 0.0000 0.1320 -5.2824
 0.0000 0.5320 -5.2824
 0.0000 0.9320 -5.2824
 0.0000 1.3320 -5.2824
 0.0000 1.7320 -5.2824
 0.0000 2.1320 -5.2824
 0.0000 2.5320 -5.2824
 0.0000 2.9320 -5.2824
 0.0000 3.3320 -5.2824
 0.0000 3.7320 -5.2824
 0.0000 4.1320 -5.2824
 0.0000 4.5320 -5.2824
 0.0000 4.9320 -5.2824
 0.0000 5.3320 -5.2824
 0.0000 5.7320 -5.2824
 0.0000 6.1320 -5.2824
 0.0000 -6.4680 -4.9359
 0.0000 -6.0680 -4.9359
 0.0000 -5.6680 -4.9359
 0.0000 -5.2680 -4.9359
 0.0000 -4.8680 -4.9359
 0.0000 -4.4680 -4.9359
 0.0000 -4.0680 -4.9359
 0.0000 -3.6680 -4.9359
 0.0000 -3.2680 -4.9359
 0.0000 -2.8680 -4.9359
 0.0000 -2.4680 -4.9359
 0.0000 -2.0680 -4.9359
 0.0000 -1.6680 -4.9359
 0.0000 -1.2680 -4.9359
 0.0000 -0.8680 -4.9359
 0.0000 -0.4680 -4.9359
 0.0000 -0.0680 -4.9359
 0.0000 0.3320 -4.9359
 0.0000 0.7320 -4.9359
 0.0000 1.1320 -4.9359
 0.0000 1.5320 -4.9359
 0.0000 1.9320 -4.9359
 0.0000 2.3320 -4.9359
 0.0000 2.7320 -4.9359
 0.0000 3.1320 -4.9359
 0.0000 3.5320 -4.9359
 0.0000 3.9320 -4.9359
 0.0000 4.3320 -4.9359
 0.0000 4.7320 -4.9359
 0.0000 5.1320 -4.9359
 0.0000 5.5320 -4.9359
 0.0000 5.9320 -4.9359
 0.0000 6.3320 -4.9359
 0.0000 -6.6680 -4.5895
 0.0000 -6.2680 -4.5895
 0.0000 -5.8680 -4.5895
 0.0000 -5.4680 -4.5895
 0.0000 -5.0680 -4.5895
 0.0000 -4.6680 -4.5895
 0.0000 -4.2680 -4.5895
 0.0000 -3.8680 -4.5895
 0.0000 -3.4680 -4.5895
 0.0000 -3.0680 -4.5895
 0.0000 -2.6680 -4.5895
 0.0000 -2.2680 -4.5895
 0.0000 -1.8680 -4.5895
 0.0000 -1.4680 -4.5895
 0.0000 -1.0680 -4.5895
 0.0000 -0.6680 -4.5895
 0.0000 -0.2680 -4.5895
 0.0000 0.1320 -4.5895
 0.0000 0.5320 -4.5895
 0.0000 0.9320 -4.5895
 0.0000 1.3320 -4.5895
 0.0000 1.7320 -4.5895
 0.0000 2.1320 -4.5895
 0.0000 2.5320 -4.5895
 0.0000 2.9320 -4.5895
 0.0000 3.3320 -4.5895
 0.0000 3.7320 -4.5895
 0.0000 4.1320 -4.5895
 0.0000 4.5320 -4.5895
 0.0000 4.9320 -4.5895
 0.0000 5.3320 -4.5895
 0.0000 5.7320 -4.5895
 0.0000 6.1320 -4.5895
 0.0000 -6.4680 -4.2431
 0.0000 -6.0680 -4.2431
 0.0000 -5.6680 -4.2431
 0.0000 -5.2680 -4.2431
 0.0000 -4.8680 -4.2431
 0.0000 -4.4680 -4.2431
 0.0000 -4.0680 -4.2431
 0.0000 -3.6680 -4.2431
 0.0000 -3.2680 -4.2431
 0.0000 -2.8680 -4.2431
 0.0000 -2.4680 -4.2431
 0.0000 -2.0680 -4.2431
 0.0000 -1.6680 -4.2431
 0.0000 -1.2680 -4.2431
 0.0000 -0.8680 -4.2431
 0.0000 -0.4680 -4.2431
 0.0000 -0.0680 -4.2431
 0.0000 0.3320 -4.2431
 0.0000 0.7320 -4.2431
 0.0000 1.1320 -4.2431
 0.0000 1.5320 -4.2431
 0.0000 1.9320 -4.2431
 0.0000 2.3320 -4.2431
 0.0000 2.7320 -4.2431
 0.0000 3.1320 -4.2431
 0.0000 3.5320 -4.2431
 0.0000 3.9320 -4.2431
 0.0000 4.3320 -4.2431
 0.0000 4.7320 -4.2431
 0.0000 5.1320 -4.2431
 0.0000 5.5320 -4.2431
 0.0000 5.9320 -4.2431
 0.0000 6.3320 -4.2431
 0.0000 -6.6680 -3.8967
 0.0000 -6.2680 -3.8967
 0.0000 -5.8680 -3.8967
 0.0000 -5.4680 -3.8967
 0.0000 -5.0680 -3.8967
 0.0000 -4.6680 -3.8967
 0.0000 -4.2680 -3.8967
 0.0000 -3.8680 -3.8967
 0.0000 -3.4680 -3.8967
 0.0000 -3.0680 -3.8967
 0.0000 -2.6680 -3.8967
 0.0000 -2.2680 -3.8967
 0.0000 -1.8680 -3.8967
 0.0000 -1.4680 -3.8967
 0.0000 -1.0680 -3.8967
 0.0000 -0.6680 -3.8967
 0.0000 -0.2680 -3.8967
 0.0000 0.1320 -3.8967
 0.0000 0.5320 -3.8967
 0.0000 0.9320 -3.8967
 0.0000 1.3320 -3.8967
 0.0000 1.7320 -3.8967
 0.0000 2.1320 -3.8967
 0.0000 2.5320 -3.8967
 0.0000 2.9320 -3.8967
 0.0000 3.3320 -3.8967
 0.0000 3.7320 -3.8967
 0.0000 4.1320 -3.8967
 0.0000 4.5320 -3.8967
 0.0000 4.9320 -3.8967
 0.0000 5.3320 -3.8967
 0.0000 5.7320 -3.8967
 0.0000 6.1320 -3.8967
 0.0000 -6.4680 -3.5503
 0.0000 -6.0680 -3.5503
 0.0000 -5.6680 -3.5503
 0.0000 -5.2680 -3.5503
 0.0000 -4.8680 -3.5503
 0.0000 -4.4680 -3.5503
 0.0000 -4.0680 -3.5503
 0.0000 -3.6680 -3.5503
 0.0000 -3.2680 -3.5503
 0.0000 -2.8680 -3.5503
 0.0000 -2.4680 -3.5503
 0.0000 -2.0680 -3.5503
 0.0000 -1.6680 -3.5503
 0.0000 -1.2680 -3.5503
 0.0000 -0.8680 -3.5503
 0.0000 -0.4680 -3.5503
 0.0000 -0.0680 -3.5503
 0.0000 0.3320 -3.5503
 0.0000 0.7320 -3.5503
 0.0000 1.1320 -3.5503
 0.0000 1.5320 -3.5503
 0.0000 1.9320 -3.5503
 0.0000 2.3320 -3.5503
 0.0000 2.7320 -3.5503
 0.0000 3.1320 -3.5503
 0.0000 3.5320 -3.5503
 0.0000 3.9320 -3.5503
 0.0000 4.3320 -3.5503
 0.0000 4.7320 -3.5503
 0.0000 5.1320 -3.5503
 0.0000 5.5320 -3.5503
 0.0000 5.9320 -3.5503
 0.0000 6.3320 -3.5503
 0.0000 -6.6680 -3.2039
 0.0000 -6.2680 -3.2039
 0.0000 -5.8680 -3.2039
 0.0000 -5.4680 -3.2039
 0.0000 -5.0680 -3.2039
 0.0000 -4.6680 -3.2039
 0.0000 -4.2680 -3.2039
 0.0000 -3.8680 -3.2039
 0.0000 -3.4680 -3.2039
 0.0000 -3.0680 -3.2039
 0.0000 -2.6680 -3.2039
 0.0000 -2.2680 -3.2039
 0.0000 -1.8680 -3.2039
 0.0000 -1.4680 -3.2039
 0.0000 -1.0680 -3.2039
 0.0000 -0.6680 -3.2039
 0.0000 -0.2680 -3.2039
 0.0000 0.1320 -3.2039
 0.0000 0.5320 -3.2039
 0.0000 0.9320 -3.2039
 0.0000 1.3320 -3.2039
 0.0000 1.7320 -3.2039
 0.0000 2.1320 -3.2039
 0.0000 2.5320 -3.2039
 0.0000 2.9320 -3.2039
 0.0000 3.3320 -3.2039
 0.0000 3.7320 -3.2039
 0.0000 4.1320 -3.2039
 0.0000 4.5320 -3.2039
 0.0000 4.9320 -3.2039
 0.0000 5.3320 -3.2039
 0.0000 5.7320 -3.2039
 0.0000 6.1320 -3.2039
 0.0000 -6.4680 -2.8575
 0.0000 -6.0680 -2.8575
 0.0000 -5.6680 -2.8575
 0.0000 -5.2680 -2.8575
 0.0000 -4.8680 -2.8575
 0.0000 -4.4680 -2.8575
 0.0000 -4.0680 -2.8575
 0.0000 -3.6680 -2.8575
 0.0000 -3.2680 -2.8575
 0.0000 -2.8680 -2.8575
 0.0000 -2.4680 -2.8575
 0.0000 -2.0680 -2.8575
 0.0000 -1.6680 -2.8575
 0.0000 -1.2680 -2.8575
 0.0000 -0.8680 -2.8575
 0.0000 -0.4680 -2.8575
 0.0000 -0.0680 -2.8575
 0.0000 0.3320 -2.8575
 0.0000 0.7320 -2.8575
 0.0000 1.1320 -2.8575
 0.0000 1.5320 -2.8575
 0.0000 1.9320 -2.8575
 0.0000 2.3320 -2.8575
 0.0000 2.7320 -2.8575
 0.0000 3.1320 -2.8575
 0.0000 3.5320 -2.8575
 0.0000 3.9320 -2.8575
 0.0000 4.3320 -2.8575
 0.0000 4.7320 -2.8575
 0.0000 5.1320 -2.8575
 0.0000 5.5320 -2.8575
 0.0000 5.9320 -2.8575
 0.0000 6.3320 -2.8575
 0.0000 -6.6680 -2.5111
 0.0000 -6.2680 -2.5111
 0.0000 -5.8680 -2.5111
 0.0000 -5.4680 -2.5111
 0.0000 -5.0680 -2.5111
 0.0000 -4.6680 -2.5111
 0.0000 -4.2680 -2.5111
 0.0000 -3.8680 -2.5111
 0.0000 -3.4680 -2.5111
 0.0000 -3.0680 -2.5111
 0.0000 -2.6680 -2.5111
 0.0000 -2.2680 -2.5111
 0.0000 -1.8680 -2.5111
 0.0000 -1.4680 -2.5111
 0.0000 -1.0680 -2.5111
 0.0000 -0.6680 -2.5111
 0.0000 -0.2680 -2.5111
 0.0000 0.1320 -2.5111
 0.0000 0.5320 -2.5111
 0.0000 0.9320 -2.5111
 0.0000 1.3320 -2.5111
 0.0000 1.7320 -2.5111
 0.0000 2.1320 -2.5111
 0.0000 2.5320 -2.5111
 0.0000 2.9320 -2.5111
 0.0000 3.3320 -2.5111
 0.0000 3.7320 -2.5111
 0.0000 4.1320 -2.5111
 0.0000 4.5320 -2.5111
 0.0000 4.9320 -2.5111
 0.0000 5.3320 -2.5111
 0.0000 5.7320 -2.5111
 0.0000 6.1320 -2.5111
 0.0000 -6.4680 -2.1647
 0.0000 -6.0680 -2.1647
 0.0000 -5.6680 -2.1647
 0.0000 -5.2680 -2.1647
 0.0000 -4.8680 -2.1647
 0.0000 -4.4680 -2.1647
 0.0000 -4.0680 -2.1647
 0.0000 -3.6680 -2.1647
 0.0000 -3.2680 -2.1647
 0.0000 -2.8680 -2.1647
 0.0000 -2.4680 -2.1647
 0.0000 -2.0680 -2.1647
 0.0000 -1.6680 -2.1647
 0.0000 -1.2680 -2.1647
 0.0000 -0.8680 -2.1647
 0.0000 -0.4680 -2.1647
 0.0000 -0.0680 -2.1647
 0.0000 0.3320 -2.1647
 0.0000 0.7320 -2.1647
 0.0000 1.1320 -2.1647
 0.0000 1.5320 -2.1647
 0.0000 1.9320 -2.1647
 0.0000 2.3320 -2.1647
 0.0000 2.7320 -2.1647
 0.0000 3.1320 -2.1647
 0.0000 3.5320 -2.1647
 0.0000 3.9320 -2.1647
 0.0000 4.3320 -2.1647
 0.0000 4.7320 -2.1647
 0.0000 5.1320 -2.1647
 0.0000 5.5320 -2.1647
 0.0000 5.9320 -2.1647
 0.0000 6.3320 -2.1647
 0.0000 -6.6680 -1.8183
 0.0000 -6.2680 -1.8183
 0.0000 -5.8680 -1.8183
 0.0000 -5.4680 -1.8183
 0.0000 -5.0680 -1.8183
 0.0000 -4.6680 -1.8183
 0.0000 -4.2680 -1.8183
 0.0000 -3.8680 -1.8183
 0.0000 -3.4680 -1.8183
 0.0000 -3.0680 -1.8183
 0.0000 -2.6680 -1.8183
 0.0000 -2.2680 -1.8183
 0.0000 -1.8680 -1.8183
 0.0000 -1.4680 -1.8183
 0.0000 -1.0680 -1.8183
 0.0000 0.9320 -1.8183
 0.0000 1.3320 -1.8183
 0.0000 1.7320 -1.8183
 0.0000 2.1320 -1.8183
 0.0000 2.5320 -1.8183
 0.0000 2.9320 -1.8183
 0.0000 3.3320 -1.8183
 0.0000 3.7320 -1.8183
 0.0000 4.1320 -1.8183
 0.0000 4.5320 -1.8183
 0.0000 4.9320 -1.8183
 0.0000 5.3320 -1.8183
 0.0000 5.7320 -1.8183
 0.0000 6.1320 -1.8183
 0.0000 -6.4680 -1.4718
 0.0000 -6.0680 -1.4718
 0.0000 -5.6680 -1.4718
 0.0000 -5.2680 -1.4718
 0.0000 -4.8680 -1.4718
 0.0000 -4.4680 -1.4718
 0.0000 -4.0680 -1.4718
 0.0000 -3.6680 -1.4718
 0.0000 -3.2680 -1.4718
 0.0000 -2.8680 -1.4718
 0.0000 -2.4680 -1.4718
 0.0000 -2.0680 -1.4718
 0.0000 -1.6680 -1.4718
 0.0000 1.5320 -1.4718
 0.0000 1.9320 -1.4718
 0.0000 2.3320 -1.4718
 0.0000 2.7320 -1.4718
 0.0000 3.1320 -1.4718
 0.0000 3.5320 -1.4718
 0.0000 3.9320 -1.4718
 0.0000 4.3320 -1.4718
 0.0000 4.7320 -1.4718
 0.0000 5.1320 -1.4718
 0.0000 5.5320 -1.4718
 0.0000 5.9320 -1.4718
 0.0000 6.3320 -1.4718
 0.0000 -6.6680 -1.1254
 0.0000 -6.2680 -1.1254
 0.0000 -5.8680 -1.1254
 0.0000 -5.4680 -1.1254
 0.0000 -5.0680 -1.1254
 0.0000 -4.6680 -1.1254
 0.0000 -4.2680 -1.1254
 0.0000 -3.8680 -1.1254
 0.0000 -3.4680 -1.1254
 0.0000 -3.0680 -1.1254
 0.0000 -2.6680 -1.1254
 0.0000 -2.2680 -1.1254
 0.0000 -1.8680 -1.1254
 0.0000 1.7320 -1.1254
 0.0000 2.1320 -1.1254
 0.0000 2.5320 -1.1254
 0.0000 2.9320 -1.1254
 0.0000 3.3320 -1.1254
 0.0000 3.7320 -1.1254
 0.0000 4.1320 -1.1254
 0.0000 4.5320 -1.1254
 0.0000 4.9320 -1.1254
 0.0000 5.3320 -1.1254
 0.0000 5.7320 -1.1254
 0.0000 6.1320 -1.1254
 0.0000 -6.4680 -0.7790
 0.0000 -6.0680 -0.7790
 0.0000 -5.6680 -0.7790
 0.0000 -5.2680 -0.7790
 0.0000 -4.8680 -0.7790
 0.0000 -4.4680 -0.7790
 0.0000 -4.0680 -0.7790
 0.0000 -3.6680 -0.7790
 0.0000 -3.2680 -0.7790
 0.0000 -2.8680 -0.7790
 0.0000 -2.4680 -0.7790
 0.0000 -2.0680 -0.7790
 0.0000 1.9320 -0.7790
 0.0000 2.3320 -0.7790
 0.0000 2.7320 -0.7790
 0.0000 3.1320 -0.7790
 0.0000 3.5320 -0.7790
 0.0000 3.9320 -0.7790
 0.0000 4.3320 -0.7790
 0.0000 4.7320 -0.7790
 0.0000 5.1320 -0.7790
 0.0000 5.5320 -0.7790
 0.0000 5.9320 -0.7790
 0.0000 6.3320 -0.7790
 0.0000 -6.6680 -0.4326
 0.0000 -6.2680 -0.4326
 0.0000 -5.8680 -0.4326
 0.0000 -5.4680 -0.4326
 0.0000 -5.0680 -0.4326
 0.0000 -4.6680 -0.4326
 0.0000 -4.2680 -0.4326
 0.0000 -3.8680 -0.4326
 0.0000 -3.4680 -0.4326
 0.0000 -3.0680 -0.4326
 0.0000 -2.6680 -0.4326
 0.0000 -2.2680 -0.4326
 0.0000 2.1320 -0.4326
 0.0000 2.5320 -0.4326
 0.0000 2.9320 -0.4326
 0.0000 3.3320 -0.4326
 0.0000 3.7320 -0.4326
 0.0000 4.1320 -0.4326
 0.0000 4.5320 -0.4326
 0.0000 4.9320 -0.4326
 0.0000 5.3320 -0.4326
 0.0000 5.7320 -0.4326
 0.0000 6.1320 -0.4326
 0.0000 -6.4680 -0.0862
 0.0000 -6.0680 -0.0862
 0.0000 -5.6680 -0.0862
 0.0000 -5.2680 -0.0862
 0.0000 -4.8680 -0.0862
 0.0000 -4.4680 -0.0862
 0.0000 -4.0680 -0.0862
 0.0000 -3.6680 -0.0862
 0.0000 -3.2680 -0.0862
 0.0000 -2.8680 -0.0862
 0.0000 -2.4680 -0.0862
 0.0000 -2.0680 -0.0862
 0.0000 2.3320 -0.0862
 0.0000 2.7320 -0.0862
 0.0000 3.1320 -0.0862
 0.0000 3.5320 -0.0862
 0.0000 3.9320 -0.0862
 0.0000 4.3320 -0.0862
 0.0000 4.7320 -0.0862
 0.0000 5.1320 -0.0862
 0.0000 5.5320 -0.0862
 0.0000 5.9320 -0.0862
 0.0000 6.3320 -0.0862
 0.0000 -6.6680 0.2602
 0.0000 -6.2680 0.2602
 0.0000 -5.8680 0.2602
 0.0000 -5.4680 0.2602
 0.0000 -5.0680 0.2602
 0.0000 -4.6680 0.2602
 0.0000 -4.2680 0.2602
 0.0000 -3.8680 0.2602
 0.0000 -3.4680 0.2602
 0.0000 -3.0680 0.2602
 0.0000 -2.6680 0.2602
 0.0000 -2.2680 0.2602
 0.0000 2.1320 0.2602
 0.0000 2.5320 0.2602
 0.0000 2.9320 0.2602
 0.0000 3.3320 0.2602
 0.0000 3.7320 0.2602
 0.0000 4.1320 0.2602
 0.0000 4.5320 0.2602
 0.0000 4.9320 0.2602
 0.0000 5.3320 0.2602
 0.0000 5.7320 0.2602
 0.0000 6.1320 0.2602
 0.0000 -6.4680 0.6066
 0.0000 -6.0680 0.6066
 0.0000 -5.6680 0.6066
 0.0000 -5.2680 0.6066
 0.0000 -4.8680 0.6066
 0.0000 -4.4680 0.6066
 0.0000 -4.0680 0.6066
 0.0000 -3.6680 0.6066
 0.0000 -3.2680 0.6066
 0.0000 -2.8680 0.6066
 0.0000 -2.4680 0.6066
 0.0000 -2.0680 0.6066
 0.0000 1.9320 0.6066
 0.0000 2.3320 0.6066
 0.0000 2.7320 0.6066
 0.0000 3.1320 0.6066
 0.0000 3.5320 0.6066
 0.0000 3.9320 0.6066
 0.0000 4.3320 0.6066
 0.0000 4.7320 0.6066
 0.0000 5.1320 0.6066
 0.0000 5.5320 0.6066
 0.0000 5.9320 0.6066
 0.0000 6.3320 0.6066
 0.0000 -6.6680 0.9530
 0.0000 -6.2680 0.9530
 0.0000 -5.8680 0.9530
 0.0000 -5.4680 0.9530
 0.0000 -5.0680 0.9530
 0.0000 -4.6680 0.9530
 0.0000 -4.2680 0.9530
 0.0000 -3.8680 0.9530
 0.0000 -3.4680 0.9530
 0.0000 -3.0680 0.9530
 0.0000 -2.6680 0.9530
 0.0000 -2.2680 0.9530
 0.0000 -1.8680 0.9530
 0.0000 2.1320 0.9530
 0.0000 2.5320 0.9530
 0.0000 2.9320 0.9530
 0.0000 3.3320 0.9530
 0.0000 3.7320 0.9530
 0.0000 4.1320 0.9530
 0.0000 4.5320 0.9530
 0.0000 4.9320 0.9530
 0.0000 5.3320 0.9530
 0.0000 5.7320 0.9530
 0.0000 6.1320 0.9530
 0.0000 -6.4680 1.2994
 0.0000 -6.0680 1.2994
 0.0000 -5.6680 1.2994
 0.0000 -5.2680 1.2994
 0.0000 -4.8680 1.2994
 0.0000 -4.4680 1.2994
 0.0000 -4.0680 1.2994
 0.0000 -3.6680 1.2994
 0.0000 -3.2680 1.2994
 0.0000 -2.8680 1.2994
 0.0000 -2.4680 1.2994
 0.0000 -2.0680 1.2994
 0.0000 -1.6680 1.2994
 0.0000 1.5320 1.2994
 0.0000 1.9320 1.2994
 0.0000 2.3320 1.2994
 0.0000 2.7320 1.2994
 0.0000 3.1320 1.2994
 0.0000 3.5320 1.2994
 0.0000 3.9320 1.2994
 0.0000 4.3320 1.2994
 0.0000 4.7320 1.2994
 0.0000 5.1320 1.2994
 0.0000 5.5320 1.2994
 0.0000 5.9320 1.2994
 0.0000 6.3320 1.2994
 0.0000 -6.6680 1.6458
 0.0000 -6.2680 1.6458
 0.0000 -5.8680 1.6458
 0.0000 -5.4680 1.6458
 0.0000 -5.0680 1.6458
 0.0000 -4.6680 1.6458
 0.0000 -4.2680 1.6458
 0.0000 -3.8680 1.6458
 0.0000 -3.4680 1.6458
 0.0000 -3.0680 1.6458
 0.0000 -2.6680 1.6458
 0.0000 -2.2680 1.6458
 0.0000 -1.8680 1.6458
 0.0000 -1.4680 1.6458
 0.0000 1.3320 1.6458
 0.0000 1.7320 1.6458
 0.0000 2.1320 1.6458
 0.0000 2.5320 1.6458
 0.0000 2.9320 1.6458
 0.0000 3.3320 1.6458
 0.0000 3.7320 1.6458
 0.0000 4.1320 1.6458
 0.0000 4.5320 1.6458
 0.0000 4.9320 1.6458
 0.0000 5.3320 1.6458
 0.0000 5.7320 1.6458
 0.0000 6.1320 1.6458
 0.0000 -6.4680 1.9923
 0.0000 -6.0680 1.9923
 0.0000 -5.6680 1.9923
 0.0000 -5.2680 1.9923
 0.0000 -4.8680 1.9923
 0.0000 -4.4680 1.9923
 0.0000 -4.0680 1.9923
 0.0000 -3.6680 1.9923
 0.0000 -3.2680 1.9923
 0.0000 -2.8680 1.9923
 0.0000 -2.4680 1.9923
 0.0000 -2.0680 1.9923
 0.0000 -1.6680 1.9923
 0.0000 -1.2680 1.9923
 0.0000 -0.8680 1.9923
 0.0000 -0.4680 1.9923
 0.0000 0.3320 1.9923
 0.0000 0.7320 1.9923
 0.0000 1.1320 1.9923
 0.0000 1.5320 1.9923
 0.0000 1.9320 1.9923
 0.0000 2.3320 1.9923
 0.0000 2.7320 1.9923
 0.0000 3.1320 1.9923
 0.0000 3.5320 1.9923
 0.0000 3.9320 1.9923
 0.0000 4.3320 1.9923
 0.0000 4.7320 1.9923
 0.0000 5.1320 1.9923
 0.0000 5.5320 1.9923
 0.0000 5.9320 1.9923
 0.0000 6.3320 1.9923
 0.0000 -6.6680 2.3387
 0.0000 -6.2680 2.3387
 0.0000 -5.8680 2.3387
 0.0000 -5.4680 2.3387
 0.0000 -5.0680 2.3387
 0.0000 -4.6680 2.3387
 0.0000 -4.2680 2.3387
 0.0000 -3.8680 2.3387
 0.0000 -3.4680 2.3387
 0.0000 -3.0680 2.3387
 0.0000 -2.6680 2.3387
 0.0000 -2.2680 2.3387
 0.0000 -1.8680 2.3387
 0.0000 -1.4680 2.3387
 0.0000 -1.0680 2.3387
 0.0000 -0.6680 2.3387
 0.0000 -0.2680 2.3387
 0.0000 0.1320 2.3387
 0.0000 0.5320 2.3387
 0.0000 0.9320 2.3387
 0.0000 1.3320 2.3387
 0.0000 1.7320 2.3387
 0.0000 2.1320 2.3387
 0.0000 2.5320 2.3387
 0.0000 2.9320 2.3387
 0.0000 3.3320 2.3387
 0.0000 3.7320 2.3387
 0.0000 4.1320 2.3387
 0.0000 4.5320 2.3387
 0.0000 4.9320 2.3387
 0.0000 5.3320 2.3387
 0.0000 5.7320 2.3387
 0.0000 6.1320 2.3387
 0.0000 -6.4680 2.6851
 0.0000 -6.0680 2.6851
 0.0000 -5.6680 2.6851
 0.0000 -5.2680 2.6851
 0.0000 -4.8680 2.6851
 0.0000 -4.4680 2.6851
 0.0000 -4.0680 2.6851
 0.0000 -3.6680 2.6851
 0.0000 -3.2680 2.6851
 0.0000 -2.8680 2.6851
 0.0000 -2.4680 2.6851
 0.0000 -2.0680 2.6851
 0.0000 -1.6680 2.6851
 0.0000 -1.2680 2.6851
 0.0000 -0.8680 2.6851
 0.0000 -0.4680 2.6851
 0.0000 -0.0680 2.6851
 0.0000 0.3320 2.6851
 0.0000 0.7320 2.6851
 0.0000 1.1320 2.6851
 0.0000 1.5320 2.6851
 0.0000 1.9320 2.6851
 0.0000 2.3320 2.6851
 0.0000 2.7320 2.6851
 0.0000 3.1320 2.6851
 0.0000 3.5320 2.6851
 0.0000 3.9320 2.6851
 0.0000 4.3320 2.6851
 0.0000 4.7320 2.6851
 0.0000 5.1320 2.6851
 0.0000 5.5320 2.6851
 0.0000 5.9320 2.6851
 0.0000 6.3320 2.6851
 0.0000 -6.6680 3.0315
 0.0000 -6.2680 3.0315
 0.0000 -5.8680 3.0315
 0.0000 -5.4680 3.0315
 0.0000 -5.0680 3.0315
 0.0000 -4.6680 3.0315
 0.0000 -4.2680 3.0315
 0.0000 -3.8680 3.0315
 0.0000 -3.4680 3.0315
 0.0000 -3.0680 3.0315
 0.0000 -2.6680 3.0315
 0.0000 -2.2680 3.0315
 0.0000 -1.8680 3.0315
 0.0000 -1.4680 3.0315
 0.0000 -1.0680 3.0315
 0.0000 -0.6680 3.0315
 0.0000 -0.2680 3.0315
 0.0000 0.1320 3.0315
 0.0000 0.5320 3.0315
 0.0000 0.9320 3.0315
 0.0000 1.3320 3.0315
 0.0000 1.7320 3.0315
 0.0000 2.1320 3.0315
 0.0000 2.5320 3.0315
 0.0000 2.9320 3.0315
 0.0000 3.3320 3.0315
 0.0000 3.7320 3.0315
 0.0000 4.1320 3.0315
 0.0000 4.5320 3.0315
 0.0000 4.9320 3.0315
 0.0000 5.3320 3.0315
 0.0000 5.7320 3.0315
 0.0000 6.1320 3.0315
 0.0000 -6.4680 3.3779
 0.0000 -6.0680 3.3779
 0.0000 -5.6680 3.3779
 0.0000 -5.2680 3.3779
 0.0000 -4.8680 3.3779
 0.0000 -4.4680 3.3779
 0.0000 -4.0680 3.3779
 0.0000 -3.6680 3.3779
 0.0000 -3.2680 3.3779
 0.0000 -2.8680 3.3779
 0.0000 -2.4680 3.3779
 0.0000 -2.0680 3.3779
 0.0000 -1.6680 3.3779
 0.0000 -1.2680 3.3779
 0.0000 -0.8680 3.3779
 0.0000 -0.4680 3.3779
 0.0000 -0.0680 3.3779
 0.0000 0.3320 3.3779
 0.0000 0.7320 3.3779
 0.0000 1.1320 3.3779
 0.0000 1.5320 3.3779
 0.0000 1.9320 3.3779
 0.0000 2.3320 3.3779
 0.0000 2.7320 3.3779
 0.0000 3.1320 3.3779
 0.0000 3.5320 3.3779
 0.0000 3.9320 3.3779
 0.0000 4.3320 3.3779
 0.0000 4.7320 3.3779
 0.0000 5.1320 3.3779
 0.0000 5.5320 3.3779
 0.0000 5.9320 3.3779
 0.0000 6.3320 3.3779
 0.0000 -6.6680 3.7243
 0.0000 -6.2680 3.7243
 0.0000 -5.8680 3.7243
 0.0000 -5.4680 3.7243
 0.0000 -5.0680 3.7243
 0.0000 -4.6680 3.7243
 0.0000 -4.2680 3.7243
 0.0000 -3.8680 3.7243
 0.0000 -3.4680 3.7243
 0.0000 -3.0680 3.7243
 0.0000 -2.6680 3.7243
 0.0000 -2.2680 3.7243
 0.0000 -1.8680 3.7243
 0.0000 -1.4680 3.7243
 0.0000 -1.0680 3.7243
 0.0000 -0.6680 3.7243
 0.0000 -0.2680 3.7243
 0.0000 0.1320 3.7243
 0.0000 0.5320 3.7243
 0.0000 0.9320 3.7243
 0.0000 1.3320 3.7243
 0.0000 1.7320 3.7243
 0.0000 2.1320 3.7243
 0.0000 2.5320 3.7243
 0.0000 2.9320 3.7243
 0.0000 3.3320 3.7243
 0.0000 3.7320 3.7243
 0.0000 4.1320 3.7243
 0.0000 4.5320 3.7243
 0.0000 4.9320 3.7243
 0.0000 5.3320 3.7243
 0.0000 5.7320 3.7243
 0.0000 6.1320 3.7243
 0.0000 -6.4680 4.0707
 0.0000 -6.0680 4.0707
 0.0000 -5.6680 4.0707
 0.0000 -5.2680 4.0707
 0.0000 -4.8680 4.0707
 0.0000 -4.4680 4.0707
 0.0000 -4.0680 4.0707
 0.0000 -3.6680 4.0707
 0.0000 -3.2680 4.0707
 0.0000 -2.8680 4.0707
 0.0000 -2.4680 4.0707
 0.0000 -2.0680 4.0707
 0.0000 -1.6680 4.0707
 0.0000 -1.2680 4.0707
 0.0000 -0.8680 4.0707
 0.0000 -0.4680 4.0707
 0.0000 -0.0680 4.0707
 0.0000 0.3320 4.0707
 0.0000 0.7320 4.0707
 0.0000 1.1320 4.0707
 0.0000 1.5320 4.0707
 0.0000 1.9320 4.0707
 0.0000 2.3320 4.0707
 0.0000 2.7320 4.0707
 0.0000 3.1320 4.0707
 0.0000 3.5320 4.0707
 0.0000 3.9320 4.0707
 0.0000 4.3320 4.0707
 0.0000 4.7320 4.0707
 0.0000 5.1320 4.0707
 0.0000 5.5320 4.0707
 0.0000 5.9320 4.0707
 0.0000 6.3320 4.0707
 0.0000 -6.6680 4.4171
 0.0000 -6.2680 4.4171
 0.0000 -5.8680 4.4171
 0.0000 -5.4680 4.4171
 0.0000 -5.0680 4.4171
 0.0000 -4.6680 4.4171
 0.0000 -4.2680 4.4171
 0.0000 -3.8680 4.4171
 0.0000 -3.4680 4.4171
 0.0000 -3.0680 4.4171
 0.0000 -2.6680 4.4171
 0.0000 -2.2680 4.4171
 0.0000 -1.8680 4.4171
 0.0000 -1.4680 4.4171
 0.0000 -1.0680 4.4171
 0.0000 -0.6680 4.4171
 0.0000 -0.2680 4.4171
 0.0000 0.1320 4.4171
 0.0000 0.5320 4.4171
 0.0000 0.9320 4.4171
 0.0000 1.3320 4.4171
 0.0000 1.7320 4.4171
 0.0000 2.1320 4.4171
 0.0000 2.5320 4.4171
 0.0000 2.9320 4.4171
 0.0000 3.3320 4.4171
 0.0000 3.7320 4.4171
 0.0000 4.1320 4.4171
 0.0000 4.5320 4.4171
 0.0000 4.9320 4.4171
 0.0000 5.3320 4.4171
 0.0000 5.7320 4.4171
 0.0000 6.1320 4.4171
 0.0000 -6.4680 4.7635
 0.0000 -6.0680 4.7635
 0.0000 -5.6680 4.7635
 0.0000 -5.2680 4.7635
 0.0000 -4.8680 4.7635
 0.0000 -4.4680 4.7635
 0.0000 -4.0680 4.7635
 0.0000 -3.6680 4.7635
 0.0000 -3.2680 4.7635
 0.0000 -2.8680 4.7635
 0.0000 -2.4680 4.7635
 0.0000 -2.0680 4.7635
 0.0000 -1.6680 4.7635
 0.0000 -1.2680 4.7635
 0.0000 -0.8680 4.7635
 0.0000 -0.4680 4.7635
 0.0000 -0.0680 4.7635
 0.0000 0.3320 4.7635
 0.0000 0.7320 4.7635
 0.0000 1.1320 4.7635
 0.0000 1.5320 4.7635
 0.0000 1.9320 4.7635
 0.0000 2.3320 4.7635
 0.0000 2.7320 4.7635
 0.0000 3.1320 4.7635
 0.0000 3.5320 4.7635
 0.0000 3.9320 4.7635
 0.0000 4.3320 4.7635
 0.0000 4.7320 4.7635
 0.0000 5.1320 4.7635
 0.0000 5.5320 4.7635
 0.0000 5.9320 4.7635
 0.0000 6.3320 4.7635
 0.0000 -6.6680 5.1099
 0.0000 -6.2680 5.1099
 0.0000 -5.8680 5.1099
 0.0000 -5.4680 5.1099
 0.0000 -5.0680 5.1099
 0.0000 -4.6680 5.1099
 0.0000 -4.2680 5.1099
 0.0000 -3.8680 5.1099
 0.0000 -3.4680 5.1099
 0.0000 -3.0680 5.1099
 0.0000 -2.6680 5.1099
 0.0000 -2.2680 5.1099
 0.0000 -1.8680 5.1099
 0.0000 -1.4680 5.1099
 0.0000 -1.0680 5.1099
 0.0000 -0.6680 5.1099
 0.0000 -0.2680 5.1099
 0.0000 0.1320 5.1099
 0.0000 0.5320 5.1099
 0.0000 0.9320 5.1099
 0.0000 1.3320 5.1099
 0.0000 1.7320 5.1099
 0.0000 2.1320 5.1099
 0.0000 2.5320 5.1099
 0.0000 2.9320 5.1099
 0.0000 3.3320 5.1099
 0.0000 3.7320 5.1099
 0.0000 4.1320 5.1099
 0.0000 4.5320 5.1099
 0.0000 4.9320 5.1099
 0.0000 5.3320 5.1099
 0.0000 5.7320 5.1099
 0.0000 6.1320 5.1099
 0.0000 -6.4680 5.4564
 0.0000 -6.0680 5.4564
 0.0000 -5.6680 5.4564
 0.0000 -5.2680 5.4564
 0.0000 -4.8680 5.4564
 0.0000 -4.4680 5.4564
 0.0000 -4.0680 5.4564
 0.0000 -3.6680 5.4564
 0.0000 -3.2680 5.4564
 0.0000 -2.8680 5.4564
 0.0000 -2.4680 5.4564
 0.0000 -2.0680 5.4564
 0.0000 -1.6680 5.4564
 0.0000 -1.2680 5.4564
 0.0000 -0.8680 5.4564
 0.0000 -0.4680 5.4564
 0.0000 -0.0680 5.4564
 0.0000 0.3320 5.4564
 0.0000 0.7320 5.4564
 0.0000 1.1320 5.4564
 0.0000 1.5320 5.4564
 0.0000 1.9320 5.4564
 0.0000 2.3320 5.4564
 0.0000 2.7320 5.4564
 0.0000 3.1320 5.4564
 0.0000 3.5320 5.4564
 0.0000 3.9320 5.4564
 0.0000 4.3320 5.4564
 0.0000 4.7320 5.4564
 0.0000 5.1320 5.4564
 0.0000 5.5320 5.4564
 0.0000 5.9320 5.4564
 0.0000 6.3320 5.4564
 0.0000 -6.6680 5.8028
 0.0000 -6.2680 5.8028
 0.0000 -5.8680 5.8028
 0.0000 -5.4680 5.8028
 0.0000 -5.0680 5.8028
 0.0000 -4.6680 5.8028
 0.0000 -4.2680 5.8028
 0.0000 -3.8680 5.8028
 0.0000 -3.4680 5.8028
 0.0000 -3.0680 5.8028
 0.0000 -2.6680 5.8028
 0.0000 -2.2680 5.8028
 0.0000 -1.8680 5.8028
 0.0000 -1.4680 5.8028
 0.0000 -1.0680 5.8028
 0.0000 -0.6680 5.8028
 0.0000 -0.2680 5.8028
 0.0000 0.1320 5.8028
 0.0000 0.5320 5.8028
 0.0000 0.9320 5.8028
 0.0000 1.3320 5.8028
 0.0000 1.7320 5.8028
 0.0000 2.1320 5.8028
 0.0000 2.5320 5.8028
 0.0000 2.9320 5.8028
 0.0000 3.3320 5.8028
 0.0000 3.7320 5.8028
 0.0000 4.1320 5.8028
 0.0000 4.5320 5.8028
 0.0000 4.9320 5.8028
 0.0000 5.3320 5.8028
 0.0000 5.7320 5.8028
 0.0000 6.1320 5.8028
 0.0000 -6.4680 6.1492
 0.0000 -6.0680 6.1492
 0.0000 -5.6680 6.1492
 0.0000 -5.2680 6.1492
 0.0000 -4.8680 6.1492
 0.0000 -4.4680 6.1492
 0.0000 -4.0680 6.1492
 0.0000 -3.6680 6.1492
 0.0000 -3.2680 6.1492
 0.0000 -2.8680 6.1492
 0.0000 -2.4680 6.1492
 0.0000 -2.0680 6.1492
 0.0000 -1.6680 6.1492
 0.0000 -1.2680 6.1492
 0.0000 -0.8680 6.1492
 0.0000 -0.4680 6.1492
 0.0000 -0.0680 6.1492
 0.0000 0.3320 6.1492
 0.0000 0.7320 6.1492
 0.0000 1.1320 6.1492
 0.0000 1.5320 6.1492
 0.0000 1.9320 6.1492
 0.0000 2.3320 6.1492
 0.0000 2.7320 6.1492
 0.0000 3.1320 6.1492
 0.0000 3.5320 6.1492
 0.0000 3.9320 6.1492
 0.0000 4.3320 6.1492
 0.0000 4.7320 6.1492
 0.0000 5.1320 6.1492
 0.0000 5.5320 6.1492
 0.0000 5.9320 6.1492
 0.0000 6.3320 6.1492

Types

