 0.0000 -10.0000 -10.0000
 0.0000 -9.6000 -10.0000
 0.0000 -9.2000 -10.0000
 0.0000 -8.8000 -10.0000
 0.0000 -8.4000 -10.0000
 0.0000 -8.0000 -10.0000
 0.0000 -7.6000 -10.0000
 0.0000 -7.2000 -10.0000
 0.0000 -6.8000 -10.0000
 0.0000 -6.4000 -10.0000
 0.0000 -6.0000 -10.0000
 0.0000 -5.6000 -10.0000
 0.0000 -5.2000 -10.0000
 0.0000 -4.8000 -10.0000
 0.0000 -4.4000 -10.0000
 0.0000 -4.0000 -10.0000
 0.0000 -3.6000 -10.0000
 0.0000 -3.2000 -10.0000
 0.0000 -2.8000 -10.0000
 0.0000 -2.4000 -10.0000
 0.0000 -2.0000 -10.0000
 0.0000 -1.6000 -10.0000
 0.0000 -1.2000 -10.0000
 0.0000 -0.8000 -10.0000
 0.0000 -0.4000 -10.0000
 0.0000 0.0000 -10.0000
 0.0000 0.4000 -10.0000
 0.0000 0.8000 -10.0000
 0.0000 1.2000 -10.0000
 0.0000 1.6000 -10.0000
 0.0000 2.0000 -10.0000
 0.0000 2.4000 -10.0000
 0.0000 2.8000 -10.0000
 0.0000 3.2000 -10.0000
 0.0000 3.6000 -10.0000
 0.0000 4.0000 -10.0000
 0.0000 4.4000 -10.0000
 0.0000 4.8000 -10.0000
 0.0000 5.2000 -10.0000
 0.0000 5.6000 -10.0000
 0.0000 6.0000 -10.0000
 0.0000 6.4000 -10.0000
 0.0000 6.8000 -10.0000
 0.0000 7.2000 -10.0000
 0.0000 7.6000 -10.0000
 0.0000 8.0000 -10.0000
 0.0000 8.4000 -10.0000
 0.0000 8.8000 -10.0000
 0.0000 9.2000 -10.0000
 0.0000 9.6000 -10.0000
 0.0000 -9.8000 -9.6536
 0.0000 -9.4000 -9.6536
 0.0000 -9.0000 -9.6536
 0.0000 -8.6000 -9.6536
 0.0000 -8.2000 -9.6536
 0.0000 -7.8000 -9.6536
 0.0000 -7.4000 -9.6536
 0.0000 -7.0000 -9.6536
 0.0000 -6.6000 -9.6536
 0.0000 -6.2000 -9.6536
 0.0000 -5.8000 -9.6536
 0.0000 -5.4000 -9.6536
 0.0000 -5.0000 -9.6536
 0.0000 -4.6000 -9.6536
 0.0000 -4.2000 -9.6536
 0.0000 -3.8000 -9.6536
 0.0000 -3.4000 -9.6536
 0.0000 -3.0000 -9.6536
 0.0000 -2.6000 -9.6536
 0.0000 -2.2000 -9.6536
 0.0000 -1.8000 -9.6536
 0.0000 -1.4000 -9.6536
 0.0000 -1.0000 -9.6536
 0.0000 -0.6000 -9.6536
 0.0000 -0.2000 -9.6536
 0.0000 0.2000 -9.6536
 0.0000 0.6000 -9.6536
 0.0000 1.0000 -9.6536
 0.0000 1.4000 -9.6536
 0.0000 1.8000 -9.6536
 0.0000 2.2000 -9.6536
 0.0000 2.6000 -9.6536
 0.0000 3.0000 -9.6536
 0.0000 3.4000 -9.6536
 0.0000 3.8000 -9.6536
 0.0000 4.2000 -9.6536
 0.0000 4.6000 -9.6536
 0.0000 5.0000 -9.6536
 0.0000 5.4000 -9.6536
 0.0000 5.8000 -9.6536
 0.0000 6.2000 -9.6536
 0.0000 6.6000 -9.6536
 0.0000 7.0000 -9.6536
 0.0000 7.4000 -9.6536
 0.0000 7.8000 -9.6536
 0.0000 8.2000 -9.6536
 0.0000 8.6000 -9.6536
 0.0000 9.0000 -9.6536
 0.0000 9.4000 -9.6536
 0.0000 9.8000 -9.6536
 0.0000 -10.0000 -9.3072
 0.0000 -9.6000 -9.3072
 0.0000 -9.2000 -9.3072
 0.0000 -8.8000 -9.3072
 0.0000 -8.4000 -9.3072
 0.0000 -8.0000 -9.3072
 0.0000 -7.6000 -9.3072
 0.0000 -7.2000 -9.3072
 0.0000 -6.8000 -9.3072
 0.0000 -6.4000 -9.3072
 0.0000 -6.0000 -9.3072
 0.0000 -5.6000 -9.3072
 0.0000 -5.2000 -9.3072
 0.0000 -4.8000 -9.3072
 0.0000 -4.4000 -9.3072
 0.0000 -4.0000 -9.3072
 0.0000 -3.6000 -9.3072
 0.0000 -3.2000 -9.3072
 0.0000 -2.8000 -9.3072
 0.0000 -2.4000 -9.3072
 0.0000 -2.0000 -9.3072
 0.0000 -1.6000 -9.3072
 0.0000 -1.2000 -9.3072
 0.0000 -0.8000 -9.3072
 0.0000 -0.4000 -9.3072
 0.0000 0.0000 -9.3072
 0.0000 0.4000 -9.3072
 0.0000 0.8000 -9.3072
 0.0000 1.2000 -9.3072
 0.0000 1.6000 -9.3072
 0.0000 2.0000 -9.3072
 0.0000 2.4000 -9.3072
 0.0000 2.8000 -9.3072
 0.0000 3.2000 -9.3072
 0.0000 3.6000 -9.3072
 0.0000 4.0000 -9.3072
 0.0000 4.4000 -9.3072
 0.0000 4.8000 -9.3072
 0.0000 5.2000 -9.3072
 0.0000 5.6000 -9.3072
 0.0000 6.0000 -9.3072
 0.0000 6.4000 -9.3072
 0.0000 6.8000 -9.3072
 0.0000 7.2000 -9.3072
 0.0000 7.6000 -9.3072
 0.0000 8.0000 -9.3072
 0.0000 8.4000 -9.3072
 0.0000 8.8000 -9.3072
 0.0000 9.2000 -9.3072
 0.0000 9.6000 -9.3072
 0.0000 -9.8000 -8.9608
 0.0000 -9.4000 -8.9608
 0.0000 -9.0000 -8.9608
 0.0000 -8.6000 -8.9608
 0.0000 -8.2000 -8.9608
 0.0000 -7.8000 -8.9608
 0.0000 -7.4000 -8.9608
 0.0000 -7.0000 -8.9608
 0.0000 -6.6000 -8.9608
 0.0000 -6.2000 -8.9608
 0.0000 -5.8000 -8.9608
 0.0000 -5.4000 -8.9608
 0.0000 -5.0000 -8.9608
 0.0000 -4.6000 -8.9608
 0.0000 -4.2000 -8.9608
 0.0000 -3.8000 -8.9608
 0.0000 -3.4000 -8.9608
 0.0000 -3.0000 -8.9608
 0.0000 -2.6000 -8.9608
 0.0000 -2.2000 -8.9608
 0.0000 -1.8000 -8.9608
 0.0000 -1.4000 -8.9608
 0.0000 -1.0000 -8.9608
 0.0000 -0.6000 -8.9608
 0.0000 -0.2000 -8.9608
 0.0000 0.2000 -8.9608
 0.0000 0.6000 -8.9608
 0.0000 1.0000 -8.9608
 0.0000 1.4000 -8.9608
 0.0000 1.8000 -8.9608
 0.0000 2.2000 -8.9608
 0.0000 2.6000 -8.9608
 0.0000 3.0000 -8.9608
 0.0000 3.4000 -8.9608
 0.0000 3.8000 -8.9608
 0.0000 4.2000 -8.9608
 0.0000 4.6000 -8.9608
 0.0000 5.0000 -8.9608
 0.0000 5.4000 -8.9608
 0.0000 5.8000 -8.9608
 0.0000 6.2000 -8.9608
 0.0000 6.6000 -8.9608
 0.0000 7.0000 -8.9608
 0.0000 7.4000 -8.9608
 0.0000 7.8000 -8.9608
 0.0000 8.2000 -8.9608
 0.0000 8.6000 -8.9608
 0.0000 9.0000 -8.9608
 0.0000 9.4000 -8.9608
 0.0000 9.8000 -8.9608
 0.0000 -10.0000 -8.6144
 0.0000 -9.6000 -8.6144
 0.0000 -9.2000 -8.6144
 0.0000 -8.8000 -8.6144
 0.0000 -8.4000 -8.6144
 0.0000 -8.0000 -8.6144
 0.0000 -7.6000 -8.6144
 0.0000 -7.2000 -8.6144
 0.0000 -6.8000 -8.6144
 0.0000 -6.4000 -8.6144
 0.0000 -6.0000 -8.6144
 0.0000 -5.6000 -8.6144
 0.0000 -5.2000 -8.6144
 0.0000 -4.8000 -8.6144
 0.0000 -4.4000 -8.6144
 0.0000 -4.0000 -8.6144
 0.0000 -3.6000 -8.6144
 0.0000 -3.2000 -8.6144
 0.0000 -2.8000 -8.6144
 0.0000 -2.4000 -8.6144
 0.0000 -2.0000 -8.6144
 0.0000 -1.6000 -8.6144
 0.0000 -1.2000 -8.6144
 0.0000 -0.8000 -8.6144
 0.0000 -0.4000 -8.6144
 0.0000 0.0000 -8.6144
 0.0000 0.4000 -8.6144
 0.0000 0.8000 -8.6144
 0.0000 1.2000 -8.6144
 0.0000 1.6000 -8.6144
 0.0000 2.0000 -8.6144
 0.0000 2.4000 -8.6144
 0.0000 2.8000 -8.6144
 0.0000 3.2000 -8.6144
 0.0000 3.6000 -8.6144
 0.0000 4.0000 -8.6144
 0.0000 4.4000 -8.6144
 0.0000 4.8000 -8.6144
 0.0000 5.2000 -8.6144
 0.0000 5.6000 -8.6144
 0.0000 6.0000 -8.6144
 0.0000 6.4000 -8.6144
 0.0000 6.8000 -8.6144
 0.0000 7.2000 -8.6144
 0.0000 7.6000 -8.6144
 0.0000 8.0000 -8.6144
 0.0000 8.4000 -8.6144
 0.0000 8.8000 -8.6144
 0.0000 9.2000 -8.6144
 0.0000 9.6000 -8.6144
 0.0000 -9.8000 -8.2679
 0.0000 -9.4000 -8.2679
 0.0000 -9.0000 -8.2679
 0.0000 -8.6000 -8.2679
 0.0000 -8.2000 -8.2679
 0.0000 -7.8000 -8.2679
 0.0000 -7.4000 -8.2679
 0.0000 -7.0000 -8.2679
 0.0000 -6.6000 -8.2679
 0.0000 -6.2000 -8.2679
 0.0000 -5.8000 -8.2679
 0.0000 -5.4000 -8.2679
 0.0000 -5.0000 -8.2679
 0.0000 -4.6000 -8.2679
 0.0000 -4.2000 -8.2679
 0.0000 -3.8000 -8.2679
 0.0000 -3.4000 -8.2679
 0.0000 -3.0000 -8.2679
 0.0000 -2.6000 -8.2679
 0.0000 -2.2000 -8.2679
 0.0000 -1.8000 -8.2679
 0.0000 -1.4000 -8.2679
 0.0000 -1.0000 -8.2679
 0.0000 -0.6000 -8.2679
 0.0000 -0.2000 -8.2679
 0.0000 0.2000 -8.2679
 0.0000 0.6000 -8.2679
 0.0000 1.0000 -8.2679
 0.0000 1.4000 -8.2679
 0.0000 1.8000 -8.2679
 0.0000 2.2000 -8.2679
 0.0000 2.6000 -8.2679
 0.0000 3.0000 -8.2679
 0.0000 3.4000 -8.2679
 0.0000 3.8000 -8.2679
 0.0000 4.2000 -8.2679
 0.0000 4.6000 -8.2679
 0.0000 5.0000 -8.2679
 0.0000 5.4000 -8.2679
 0.0000 5.8000 -8.2679
 0.0000 6.2000 -8.2679
 0.0000 6.6000 -8.2679
 0.0000 7.0000 -8.2679
 0.0000 7.4000 -8.2679
 0.0000 7.8000 -8.2679
 0.0000 8.2000 -8.2679
 0.0000 8.6000 -8.2679
 0.0000 9.0000 -8.2679
 0.0000 9.4000 -8.2679
 0.0000 9.8000 -8.2679
 0.0000 -10.0000 -7.9215
 0.0000 -9.6000 -7.9215
 0.0000 -9.2000 -7.9215
 0.0000 -8.8000 -7.9215
 0.0000 -8.4000 -7.9215
 0.0000 -8.0000 -7.9215
 0.0000 -7.6000 -7.9215
 0.0000 -7.2000 -7.9215
 0.0000 -6.8000 -7.9215
 0.0000 -6.4000 -7.9215
 0.0000 -6.0000 -7.9215
 0.0000 -5.6000 -7.9215
 0.0000 -5.2000 -7.9215
 0.0000 -4.8000 -7.9215
 0.0000 -4.4000 -7.9215
 0.0000 -4.0000 -7.9215
 0.0000 -3.6000 -7.9215
 0.0000 -3.2000 -7.9215
 0.0000 -2.8000 -7.9215
 0.0000 -2.4000 -7.9215
 0.0000 -2.0000 -7.9215
 0.0000 -1.6000 -7.9215
 0.0000 -1.2000 -7.9215
 0.0000 -0.8000 -7.9215
 0.0000 -0.4000 -7.9215
 0.0000 0.0000 -7.9215
 0.0000 0.4000 -7.9215
 0.0000 0.8000 -7.9215
 0.0000 1.2000 -7.9215
 0.0000 1.6000 -7.9215
 0.0000 2.0000 -7.9215
 0.0000 2.4000 -7.9215
 0.0000 2.8000 -7.9215
 0.0000 3.2000 -7.9215
 0.0000 3.6000 -7.9215
 0.0000 4.0000 -7.9215
 0.0000 4.4000 -7.9215
 0.0000 4.8000 -7.9215
 0.0000 5.2000 -7.9215
 0.0000 5.6000 -7.9215
 0.0000 6.0000 -7.9215
 0.0000 6.4000 -7.9215
 0.0000 6.8000 -7.9215
 0.0000 7.2000 -7.9215
 0.0000 7.6000 -7.9215
 0.0000 8.0000 -7.9215
 0.0000 8.4000 -7.9215
 0.0000 8.8000 -7.9215
 0.0000 9.2000 -7.9215
 0.0000 9.6000 -7.9215
 0.0000 -9.8000 -7.5751
 0.0000 -9.4000 -7.5751
 0.0000 -9.0000 -7.5751
 0.0000 -8.6000 -7.5751
 0.0000 -8.2000 -7.5751
 0.0000 -7.8000 -7.5751
 0.0000 -7.4000 -7.5751
 0.0000 -7.0000 -7.5751
 0.0000 -6.6000 -7.5751
 0.0000 -6.2000 -7.5751
 0.0000 -5.8000 -7.5751
 0.0000 -5.4000 -7.5751
 0.0000 -5.0000 -7.5751
 0.0000 -4.6000 -7.5751
 0.0000 -4.2000 -7.5751
 0.0000 -3.8000 -7.5751
 0.0000 -3.4000 -7.5751
 0.0000 -3.0000 -7.5751
 0.0000 -2.6000 -7.5751
 0.0000 -2.2000 -7.5751
 0.0000 -1.8000 -7.5751
 0.0000 -1.4000 -7.5751
 0.0000 -1.0000 -7.5751
 0.0000 -0.6000 -7.5751
 0.0000 -0.2000 -7.5751
 0.0000 0.2000 -7.5751
 0.0000 0.6000 -7.5751
 0.0000 1.0000 -7.5751
 0.0000 1.4000 -7.5751
 0.0000 1.8000 -7.5751
 0.0000 2.2000 -7.5751
 0.0000 2.6000 -7.5751
 0.0000 3.0000 -7.5751
 0.0000 3.4000 -7.5751
 0.0000 3.8000 -7.5751
 0.0000 4.2000 -7.5751
 0.0000 4.6000 -7.5751
 0.0000 5.0000 -7.5751
 0.0000 5.4000 -7.5751
 0.0000 5.8000 -7.5751
 0.0000 6.2000 -7.5751
 0.0000 6.6000 -7.5751
 0.0000 7.0000 -7.5751
 0.0000 7.4000 -7.5751
 0.0000 7.8000 -7.5751
 0.0000 8.2000 -7.5751
 0.0000 8.6000 -7.5751
 0.0000 9.0000 -7.5751
 0.0000 9.4000 -7.5751
 0.0000 9.8000 -7.5751
 0.0000 -10.0000 -7.2287
 0.0000 -9.6000 -7.2287
 0.0000 -9.2000 -7.2287
 0.0000 -8.8000 -7.2287
 0.0000 -8.4000 -7.2287
 0.0000 -8.0000 -7.2287
 0.0000 -7.6000 -7.2287
 0.0000 -7.2000 -7.2287
 0.0000 -6.8000 -7.2287
 0.0000 -6.4000 -7.2287
 0.0000 -6.0000 -7.2287
 0.0000 -5.6000 -7.2287
 0.0000 -5.2000 -7.2287
 0.0000 -4.8000 -7.2287
 0.0000 -4.4000 -7.2287
 0.0000 -4.0000 -7.2287
 0.0000 -3.6000 -7.2287
 0.0000 -3.2000 -7.2287
 0.0000 -2.8000 -7.2287
 0.0000 -2.4000 -7.2287
 0.0000 -2.0000 -7.2287
 0.0000 -1.6000 -7.2287
 0.0000 -1.2000 -7.2287
 0.0000 -0.8000 -7.2287
 0.0000 -0.4000 -7.2287
 0.0000 0.0000 -7.2287
 0.0000 0.4000 -7.2287
 0.0000 0.8000 -7.2287
 0.0000 1.2000 -7.2287
 0.0000 1.6000 -7.2287
 0.0000 2.0000 -7.2287
 0.0000 2.4000 -7.2287
 0.0000 2.8000 -7.2287
 0.0000 3.2000 -7.2287
 0.0000 3.6000 -7.2287
 0.0000 4.0000 -7.2287
 0.0000 4.4000 -7.2287
 0.0000 4.8000 -7.2287
 0.0000 5.2000 -7.2287
 0.0000 5.6000 -7.2287
 0.0000 6.0000 -7.2287
 0.0000 6.4000 -7.2287
 0.0000 6.8000 -7.2287
 0.0000 7.2000 -7.2287
 0.0000 7.6000 -7.2287
 0.0000 8.0000 -7.2287
 0.0000 8.4000 -7.2287
 0.0000 8.8000 -7.2287
 0.0000 9.2000 -7.2287
 0.0000 9.6000 -7.2287
 0.0000 -9.8000 -6.8823
 0.0000 -9.4000 -6.8823
 0.0000 -9.0000 -6.8823
 0.0000 -8.6000 -6.8823
 0.0000 -8.2000 -6.8823
 0.0000 -7.8000 -6.8823
 0.0000 -7.4000 -6.8823
 0.0000 -7.0000 -6.8823
 0.0000 -6.6000 -6.8823
 0.0000 -6.2000 -6.8823
 0.0000 -5.8000 -6.8823
 0.0000 -5.4000 -6.8823
 0.0000 -5.0000 -6.8823
 0.0000 -4.6000 -6.8823
 0.0000 -4.2000 -6.8823
 0.0000 -3.8000 -6.8823
 0.0000 -3.4000 -6.8823
 0.0000 -3.0000 -6.8823
 0.0000 -2.6000 -6.8823
 0.0000 -2.2000 -6.8823
 0.0000 -1.8000 -6.8823
 0.0000 -1.4000 -6.8823
 0.0000 -1.0000 -6.8823
 0.0000 -0.6000 -6.8823
 0.0000 -0.2000 -6.8823
 0.0000 0.2000 -6.8823
 0.0000 0.6000 -6.8823
 0.0000 1.0000 -6.8823
 0.0000 1.4000 -6.8823
 0.0000 1.8000 -6.8823
 0.0000 2.2000 -6.8823
 0.0000 2.6000 -6.8823
 0.0000 3.0000 -6.8823
 0.0000 3.4000 -6.8823
 0.0000 3.8000 -6.8823
 0.0000 4.2000 -6.8823
 0.0000 4.6000 -6.8823
 0.0000 5.0000 -6.8823
 0.0000 5.4000 -6.8823
 0.0000 5.8000 -6.8823
 0.0000 6.2000 -6.8823
 0.0000 6.6000 -6.8823
 0.0000 7.0000 -6.8823
 0.0000 7.4000 -6.8823
 0.0000 7.8000 -6.8823
 0.0000 8.2000 -6.8823
 0.0000 8.6000 -6.8823
 0.0000 9.0000 -6.8823
 0.0000 9.4000 -6.8823
 0.0000 9.8000 -6.8823
 0.0000 -10.0000 -6.5359
 0.0000 -9.6000 -6.5359
 0.0000 -9.2000 -6.5359
 0.0000 -8.8000 -6.5359
 0.0000 -8.4000 -6.5359
 0.0000 -8.0000 -6.5359
 0.0000 -7.6000 -6.5359
 0.0000 -7.2000 -6.5359
 0.0000 -6.8000 -6.5359
 0.0000 -6.4000 -6.5359
 0.0000 -6.0000 -6.5359
 0.0000 -5.6000 -6.5359
 0.0000 -5.2000 -6.5359
 0.0000 -4.8000 -6.5359
 0.0000 -4.4000 -6.5359
 0.0000 -4.0000 -6.5359
 0.0000 -3.6000 -6.5359
 0.0000 -3.2000 -6.5359
 0.0000 -2.8000 -6.5359
 0.0000 -2.4000 -6.5359
 0.0000 -2.0000 -6.5359
 0.0000 -1.6000 -6.5359
 0.0000 -1.2000 -6.5359
 0.0000 -0.8000 -6.5359
 0.0000 -0.4000 -6.5359
 0.0000 0.0000 -6.5359
 0.0000 0.4000 -6.5359
 0.0000 0.8000 -6.5359
 0.0000 1.2000 -6.5359
 0.0000 1.6000 -6.5359
 0.0000 2.0000 -6.5359
 0.0000 2.4000 -6.5359
 0.0000 2.8000 -6.5359
 0.0000 3.2000 -6.5359
 0.0000 3.6000 -6.5359
 0.0000 4.0000 -6.5359
 0.0000 4.4000 -6.5359
 0.0000 4.8000 -6.5359
 0.0000 5.2000 -6.5359
 0.0000 5.6000 -6.5359
 0.0000 6.0000 -6.5359
 0.0000 6.4000 -6.5359
 0.0000 6.8000 -6.5359
 0.0000 7.2000 -6.5359
 0.0000 7.6000 -6.5359
 0.0000 8.0000 -6.5359
 0.0000 8.4000 -6.5359
 0.0000 8.8000 -6.5359
 0.0000 9.2000 -6.5359
 0.0000 9.6000 -6.5359
 0.0000 -9.8000 -6.1895
 0.0000 -9.4000 -6.1895
 0.0000 -9.0000 -6.1895
 0.0000 -8.6000 -6.1895
 0.0000 -8.2000 -6.1895
 0.0000 -7.8000 -6.1895
 0.0000 -7.4000 -6.1895
 0.0000 -7.0000 -6.1895
 0.0000 -6.6000 -6.1895
 0.0000 -6.2000 -6.1895
 0.0000 -5.8000 -6.1895
 0.0000 -5.4000 -6.1895
 0.0000 -5.0000 -6.1895
 0.0000 -4.6000 -6.1895
 0.0000 -4.2000 -6.1895
 0.0000 -3.8000 -6.1895
 0.0000 -3.4000 -6.1895
 0.0000 -3.0000 -6.1895
 0.0000 -2.6000 -6.1895
 0.0000 -2.2000 -6.1895
 0.0000 -1.8000 -6.1895
 0.0000 -1.4000 -6.1895
 0.0000 -1.0000 -6.1895
 0.0000 -0.6000 -6.1895
 0.0000 -0.2000 -6.1895
 0.0000 0.2000 -6.1895
 0.0000 0.6000 -6.1895
 0.0000 1.0000 -6.1895
 0.0000 1.4000 -6.1895
 0.0000 1.8000 -6.1895
 0.0000 2.2000 -6.1895
 0.0000 2.6000 -6.1895
 0.0000 3.0000 -6.1895
 0.0000 3.4000 -6.1895
 0.0000 3.8000 -6.1895
 0.0000 4.2000 -6.1895
 0.0000 4.6000 -6.1895
 0.0000 5.0000 -6.1895
 0.0000 5.4000 -6.1895
 0.0000 5.8000 -6.1895
 0.0000 6.2000 -6.1895
 0.0000 6.6000 -6.1895
 0.0000 7.0000 -6.1895
 0.0000 7.4000 -6.1895
 0.0000 7.8000 -6.1895
 0.0000 8.2000 -6.1895
 0.0000 8.6000 -6.1895
 0.0000 9.0000 -6.1895
 0.0000 9.4000 -6.1895
 0.0000 9.8000 -6.1895
 0.0000 -10.0000 -5.8431
 0.0000 -9.6000 -5.8431
 0.0000 -9.2000 -5.8431
 0.0000 -8.8000 -5.8431
 0.0000 -8.4000 -5.8431
 0.0000 -8.0000 -5.8431
 0.0000 -7.6000 -5.8431
 0.0000 -7.2000 -5.8431
 0.0000 -6.8000 -5.8431
 0.0000 -6.4000 -5.8431
 0.0000 -6.0000 -5.8431
 0.0000 -5.6000 -5.8431
 0.0000 -5.2000 -5.8431
 0.0000 -4.8000 -5.8431
 0.0000 -4.4000 -5.8431
 0.0000 -4.0000 -5.8431
 0.0000 -3.6000 -5.8431
 0.0000 -3.2000 -5.8431
 0.0000 -2.8000 -5.8431
 0.0000 -2.4000 -5.8431
 0.0000 -2.0000 -5.8431
 0.0000 -1.6000 -5.8431
 0.0000 -1.2000 -5.8431
 0.0000 -0.8000 -5.8431
 0.0000 -0.4000 -5.8431
 0.0000 0.0000 -5.8431
 0.0000 0.4000 -5.8431
 0.0000 0.8000 -5.8431
 0.0000 1.2000 -5.8431
 0.0000 1.6000 -5.8431
 0.0000 2.0000 -5.8431
 0.0000 2.4000 -5.8431
 0.0000 2.8000 -5.8431
 0.0000 3.2000 -5.8431
 0.0000 3.6000 -5.8431
 0.0000 4.0000 -5.8431
 0.0000 4.4000 -5.8431
 0.0000 4.8000 -5.8431
 0.0000 5.2000 -5.8431
 0.0000 5.6000 -5.8431
 0.0000 6.0000 -5.8431
 0.0000 6.4000 -5.8431
 0.0000 6.8000 -5.8431
 0.0000 7.2000 -5.8431
 0.0000 7.6000 -5.8431
 0.0000 8.0000 -5.8431
 0.0000 8.4000 -5.8431
 0.0000 8.8000 -5.8431
 0.0000 9.2000 -5.8431
 0.0000 9.6000 -5.8431
 0.0000 -9.8000 -5.4967
 0.0000 -9.4000 -5.4967
 0.0000 -9.0000 -5.4967
 0.0000 -8.6000 -5.4967
 0.0000 -8.2000 -5.4967
 0.0000 -7.8000 -5.4967
 0.0000 -7.4000 -5.4967
 0.0000 -7.0000 -5.4967
 0.0000 -6.6000 -5.4967
 0.0000 -6.2000 -5.4967
 0.0000 -5.8000 -5.4967
 0.0000 -5.4000 -5.4967
 0.0000 -5.0000 -5.4967
 0.0000 -4.6000 -5.4967
 0.0000 -4.2000 -5.4967
 0.0000 -3.8000 -5.4967
 0.0000 -3.4000 -5.4967
 0.0000 -3.0000 -5.4967
 0.0000 -2.6000 -5.4967
 0.0000 -2.2000 -5.4967
 0.0000 -1.8000 -5.4967
 0.0000 -1.4000 -5.4967
 0.0000 -1.0000 -5.4967
 0.0000 -0.6000 -5.4967
 0.0000 -0.2000 -5.4967
 0.0000 0.2000 -5.4967
 0.0000 0.6000 -5.4967
 0.0000 1.0000 -5.4967
 0.0000 1.4000 -5.4967
 0.0000 1.8000 -5.4967
 0.0000 2.2000 -5.4967
 0.0000 2.6000 -5.4967
 0.0000 3.0000 -5.4967
 0.0000 3.4000 -5.4967
 0.0000 3.8000 -5.4967
 0.0000 4.2000 -5.4967
 0.0000 4.6000 -5.4967
 0.0000 5.0000 -5.4967
 0.0000 5.4000 -5.4967
 0.0000 5.8000 -5.4967
 0.0000 6.2000 -5.4967
 0.0000 6.6000 -5.4967
 0.0000 7.0000 -5.4967
 0.0000 7.4000 -5.4967
 0.0000 7.8000 -5.4967
 0.0000 8.2000 -5.4967
 0.0000 8.6000 -5.4967
 0.0000 9.0000 -5.4967
 0.0000 9.4000 -5.4967
 0.0000 9.8000 -5.4967
 0.0000 -10.0000 -5.1503
 0.0000 -9.6000 -5.1503
 0.0000 -9.2000 -5.1503
 0.0000 -8.8000 -5.1503
 0.0000 -8.4000 -5.1503
 0.0000 -8.0000 -5.1503
 0.0000 -7.6000 -5.1503
 0.0000 -7.2000 -5.1503
 0.0000 -6.8000 -5.1503
 0.0000 -6.4000 -5.1503
 0.0000 -6.0000 -5.1503
 0.0000 -5.6000 -5.1503
 0.0000 -5.2000 -5.1503
 0.0000 -4.8000 -5.1503
 0.0000 -4.4000 -5.1503
 0.0000 -4.0000 -5.1503
 0.0000 -3.6000 -5.1503
 0.0000 -3.2000 -5.1503
 0.0000 -2.8000 -5.1503
 0.0000 -2.4000 -5.1503
 0.0000 -2.0000 -5.1503
 0.0000 -1.6000 -5.1503
 0.0000 -1.2000 -5.1503
 0.0000 -0.8000 -5.1503
 0.0000 -0.4000 -5.1503
 0.0000 0.0000 -5.1503
 0.0000 0.4000 -5.1503
 0.0000 0.8000 -5.1503
 0.0000 1.2000 -5.1503
 0.0000 1.6000 -5.1503
 0.0000 2.0000 -5.1503
 0.0000 2.4000 -5.1503
 0.0000 2.8000 -5.1503
 0.0000 3.2000 -5.1503
 0.0000 3.6000 -5.1503
 0.0000 4.0000 -5.1503
 0.0000 4.4000 -5.1503
 0.0000 4.8000 -5.1503
 0.0000 5.2000 -5.1503
 0.0000 5.6000 -5.1503
 0.0000 6.0000 -5.1503
 0.0000 6.4000 -5.1503
 0.0000 6.8000 -5.1503
 0.0000 7.2000 -5.1503
 0.0000 7.6000 -5.1503
 0.0000 8.0000 -5.1503
 0.0000 8.4000 -5.1503
 0.0000 8.8000 -5.1503
 0.0000 9.2000 -5.1503
 0.0000 9.6000 -5.1503
 0.0000 -9.8000 -4.8038
 0.0000 -9.4000 -4.8038
 0.0000 -9.0000 -4.8038
 0.0000 -8.6000 -4.8038
 0.0000 -8.2000 -4.8038
 0.0000 -7.8000 -4.8038
 0.0000 -7.4000 -4.8038
 0.0000 -7.0000 -4.8038
 0.0000 -6.6000 -4.8038
 0.0000 -6.2000 -4.8038
 0.0000 -5.8000 -4.8038
 0.0000 -5.4000 -4.8038
 0.0000 -5.0000 -4.8038
 0.0000 -4.6000 -4.8038
 0.0000 -4.2000 -4.8038
 0.0000 -3.8000 -4.8038
 0.0000 -3.4000 -4.8038
 0.0000 -3.0000 -4.8038
 0.0000 -2.6000 -4.8038
 0.0000 -2.2000 -4.8038
 0.0000 -1.8000 -4.8038
 0.0000 -1.4000 -4.8038
 0.0000 -1.0000 -4.8038
 0.0000 -0.6000 -4.8038
 0.0000 -0.2000 -4.8038
 0.0000 0.2000 -4.8038
 0.0000 0.6000 -4.8038
 0.0000 1.0000 -4.8038
 0.0000 1.4000 -4.8038
 0.0000 1.8000 -4.8038
 0.0000 2.2000 -4.8038
 0.0000 2.6000 -4.8038
 0.0000 3.0000 -4.8038
 0.0000 3.4000 -4.8038
 0.0000 3.8000 -4.8038
 0.0000 4.2000 -4.8038
 0.0000 4.6000 -4.8038
 0.0000 5.0000 -4.8038
 0.0000 5.4000 -4.8038
 0.0000 5.8000 -4.8038
 0.0000 6.2000 -4.8038
 0.0000 6.6000 -4.8038
 0.0000 7.0000 -4.8038
 0.0000 7.4000 -4.8038
 0.0000 7.8000 -4.8038
 0.0000 8.2000 -4.8038
 0.0000 8.6000 -4.8038
 0.0000 9.0000 -4.8038
 0.0000 9.4000 -4.8038
 0.0000 9.8000 -4.8038
 0.0000 -10.0000 -4.4574
 0.0000 -9.6000 -4.4574
 0.0000 -9.2000 -4.4574
 0.0000 -8.8000 -4.4574
 0.0000 -8.4000 -4.4574
 0.0000 -8.0000 -4.4574
 0.0000 -7.6000 -4.4574
 0.0000 -7.2000 -4.4574
 0.0000 -6.8000 -4.4574
 0.0000 -6.4000 -4.4574
 0.0000 -6.0000 -4.4574
 0.0000 -5.6000 -4.4574
 0.0000 -5.2000 -4.4574
 0.0000 -4.8000 -4.4574
 0.0000 -4.4000 -4.4574
 0.0000 -4.0000 -4.4574
 0.0000 -3.6000 -4.4574
 0.0000 -3.2000 -4.4574
 0.0000 -2.8000 -4.4574
 0.0000 -2.4000 -4.4574
 0.0000 -2.0000 -4.4574
 0.0000 -1.6000 -4.4574
 0.0000 -1.2000 -4.4574
 0.0000 -0.8000 -4.4574
 0.0000 -0.4000 -4.4574
 0.0000 0.0000 -4.4574
 0.0000 0.4000 -4.4574
 0.0000 0.8000 -4.4574
 0.0000 1.2000 -4.4574
 0.0000 1.6000 -4.4574
 0.0000 2.0000 -4.4574
 0.0000 2.4000 -4.4574
 0.0000 2.8000 -4.4574
 0.0000 3.2000 -4.4574
 0.0000 3.6000 -4.4574
 0.0000 4.0000 -4.4574
 0.0000 4.4000 -4.4574
 0.0000 4.8000 -4.4574
 0.0000 5.2000 -4.4574
 0.0000 5.6000 -4.4574
 0.0000 6.0000 -4.4574
 0.0000 6.4000 -4.4574
 0.0000 6.8000 -4.4574
 0.0000 7.2000 -4.4574
 0.0000 7.6000 -4.4574
 0.0000 8.0000 -4.4574
 0.0000 8.4000 -4.4574
 0.0000 8.8000 -4.4574
 0.0000 9.2000 -4.4574
 0.0000 9.6000 -4.4574
 0.0000 -9.8000 -4.1110
 0.0000 -9.4000 -4.1110
 0.0000 -9.0000 -4.1110
 0.0000 -8.6000 -4.1110
 0.0000 -8.2000 -4.1110
 0.0000 -7.8000 -4.1110
 0.0000 -7.4000 -4.1110
 0.0000 -7.0000 -4.1110
 0.0000 -6.6000 -4.1110
 0.0000 -6.2000 -4.1110
 0.0000 -5.8000 -4.1110
 0.0000 -5.4000 -4.1110
 0.0000 -5.0000 -4.1110
 0.0000 -4.6000 -4.1110
 0.0000 -4.2000 -4.1110
 0.0000 -3.8000 -4.1110
 0.0000 -3.4000 -4.1110
 0.0000 -3.0000 -4.1110
 0.0000 -2.6000 -4.1110
 0.0000 -2.2000 -4.1110
 0.0000 -1.8000 -4.1110
 0.0000 -1.4000 -4.1110
 0.0000 -1.0000 -4.1110
 0.0000 -0.6000 -4.1110
 0.0000 -0.2000 -4.1110
 0.0000 0.2000 -4.1110
 0.0000 0.6000 -4.1110
 0.0000 1.0000 -4.1110
 0.0000 1.4000 -4.1110
 0.0000 1.8000 -4.1110
 0.0000 2.2000 -4.1110
 0.0000 2.6000 -4.1110
 0.0000 3.0000 -4.1110
 0.0000 3.4000 -4.1110
 0.0000 3.8000 -4.1110
 0.0000 4.2000 -4.1110
 0.0000 4.6000 -4.1110
 0.0000 5.0000 -4.1110
 0.0000 5.4000 -4.1110
 0.0000 5.8000 -4.1110
 0.0000 6.2000 -4.1110
 0.0000 6.6000 -4.1110
 0.0000 7.0000 -4.1110
 0.0000 7.4000 -4.1110
 0.0000 7.8000 -4.1110
 0.0000 8.2000 -4.1110
 0.0000 8.6000 -4.1110
 0.0000 9.0000 -4.1110
 0.0000 9.4000 -4.1110
 0.0000 9.8000 -4.1110
 0.0000 -10.0000 -3.7646
 0.0000 -9.6000 -3.7646
 0.0000 -9.2000 -3.7646
 0.0000 -8.8000 -3.7646
 0.0000 -8.4000 -3.7646
 0.0000 -8.0000 -3.7646
 0.0000 -7.6000 -3.7646
 0.0000 -7.2000 -3.7646
 0.0000 -6.8000 -3.7646
 0.0000 -6.4000 -3.7646
 0.0000 -6.0000 -3.7646
 0.0000 -5.6000 -3.7646
 0.0000 -5.2000 -3.7646
 0.0000 -4.8000 -3.7646
 0.0000 -4.4000 -3.7646
 0.0000 -4.0000 -3.7646
 0.0000 -3.6000 -3.7646
 0.0000 -3.2000 -3.7646
 0.0000 -2.8000 -3.7646
 0.0000 -2.4000 -3.7646
 0.0000 -2.0000 -3.7646
 0.0000 -1.6000 -3.7646
 0.0000 -1.2000 -3.7646
 0.0000 -0.8000 -3.7646
 0.0000 -0.4000 -3.7646
 0.0000 0.0000 -3.7646
 0.0000 0.4000 -3.7646
 0.0000 0.8000 -3.7646
 0.0000 1.2000 -3.7646
 0.0000 1.6000 -3.7646
 0.0000 2.0000 -3.7646
 0.0000 2.4000 -3.7646
 0.0000 2.8000 -3.7646
 0.0000 3.2000 -3.7646
 0.0000 3.6000 -3.7646
 0.0000 4.0000 -3.7646
 0.0000 4.4000 -3.7646
 0.0000 4.8000 -3.7646
 0.0000 5.2000 -3.7646
 0.0000 5.6000 -3.7646
 0.0000 6.0000 -3.7646
 0.0000 6.4000 -3.7646
 0.0000 6.8000 -3.7646
 0.0000 7.2000 -3.7646
 0.0000 7.6000 -3.7646
 0.0000 8.0000 -3.7646
 0.0000 8.4000 -3.7646
 0.0000 8.8000 -3.7646
 0.0000 9.2000 -3.7646
 0.0000 9.6000 -3.7646
 0.0000 -9.8000 -3.4182
 0.0000 -9.4000 -3.4182
 0.0000 -9.0000 -3.4182
 0.0000 -8.6000 -3.4182
 0.0000 -8.2000 -3.4182
 0.0000 -7.8000 -3.4182
 0.0000 -7.4000 -3.4182
 0.0000 -7.0000 -3.4182
 0.0000 -6.6000 -3.4182
 0.0000 -6.2000 -3.4182
 0.0000 -5.8000 -3.4182
 0.0000 -5.4000 -3.4182
 0.0000 -5.0000 -3.4182
 0.0000 -4.6000 -3.4182
 0.0000 -4.2000 -3.4182
 0.0000 -3.8000 -3.4182
 0.0000 -3.4000 -3.4182
 0.0000 -3.0000 -3.4182
 0.0000 -2.6000 -3.4182
 0.0000 -2.2000 -3.4182
 0.0000 -1.8000 -3.4182
 0.0000 -1.4000 -3.4182
 0.0000 -1.0000 -3.4182
 0.0000 -0.6000 -3.4182
 0.0000 -0.2000 -3.4182
 0.0000 0.2000 -3.4182
 0.0000 0.6000 -3.4182
 0.0000 1.0000 -3.4182
 0.0000 1.4000 -3.4182
 0.0000 1.8000 -3.4182
 0.0000 2.2000 -3.4182
 0.0000 2.6000 -3.4182
 0.0000 3.0000 -3.4182
 0.0000 3.4000 -3.4182
 0.0000 3.8000 -3.4182
 0.0000 4.2000 -3.4182
 0.0000 4.6000 -3.4182
 0.0000 5.0000 -3.4182
 0.0000 5.4000 -3.4182
 0.0000 5.8000 -3.4182
 0.0000 6.2000 -3.4182
 0.0000 6.6000 -3.4182
 0.0000 7.0000 -3.4182
 0.0000 7.4000 -3.4182
 0.0000 7.8000 -3.4182
 0.0000 8.2000 -3.4182
 0.0000 8.6000 -3.4182
 0.0000 9.0000 -3.4182
 0.0000 9.4000 -3.4182
 0.0000 9.8000 -3.4182
 0.0000 -10.0000 -3.0718
 0.0000 -9.6000 -3.0718
 0.0000 -9.2000 -3.0718
 0.0000 -8.8000 -3.0718
 0.0000 -8.4000 -3.0718
 0.0000 -8.0000 -3.0718
 0.0000 -7.6000 -3.0718
 0.0000 -7.2000 -3.0718
 0.0000 -6.8000 -3.0718
 0.0000 -6.4000 -3.0718
 0.0000 -6.0000 -3.0718
 0.0000 -5.6000 -3.0718
 0.0000 -5.2000 -3.0718
 0.0000 -4.8000 -3.0718
 0.0000 -4.4000 -3.0718
 0.0000 -4.0000 -3.0718
 0.0000 -3.6000 -3.0718
 0.0000 -3.2000 -3.0718
 0.0000 -2.8000 -3.0718
 0.0000 -2.4000 -3.0718
 0.0000 -2.0000 -3.0718
 0.0000 -1.6000 -3.0718
 0.0000 -1.2000 -3.0718
 0.0000 -0.8000 -3.0718
 0.0000 -0.4000 -3.0718
 0.0000 0.0000 -3.0718
 0.0000 0.4000 -3.0718
 0.0000 0.8000 -3.0718
 0.0000 1.2000 -3.0718
 0.0000 1.6000 -3.0718
 0.0000 2.0000 -3.0718
 0.0000 2.4000 -3.0718
 0.0000 2.8000 -3.0718
 0.0000 3.2000 -3.0718
 0.0000 3.6000 -3.0718
 0.0000 4.0000 -3.0718
 0.0000 4.4000 -3.0718
 0.0000 4.8000 -3.0718
 0.0000 5.2000 -3.0718
 0.0000 5.6000 -3.0718
 0.0000 6.0000 -3.0718
 0.0000 6.4000 -3.0718
 0.0000 6.8000 -3.0718
 0.0000 7.2000 -3.0718
 0.0000 7.6000 -3.0718
 0.0000 8.0000 -3.0718
 0.0000 8.4000 -3.0718
 0.0000 8.8000 -3.0718
 0.0000 9.2000 -3.0718
 0.0000 9.6000 -3.0718
 0.0000 -9.8000 -2.7254
 0.0000 -9.4000 -2.7254
 0.0000 -9.0000 -2.7254
 0.0000 -8.6000 -2.7254
 0.0000 -8.2000 -2.7254
 0.0000 -7.8000 -2.7254
 0.0000 -7.4000 -2.7254
 0.0000 -7.0000 -2.7254
 0.0000 -6.6000 -2.7254
 0.0000 -6.2000 -2.7254
 0.0000 -5.8000 -2.7254
 0.0000 -5.4000 -2.7254
 0.0000 -5.0000 -2.7254
 0.0000 -4.6000 -2.7254
 0.0000 -4.2000 -2.7254
 0.0000 -3.8000 -2.7254
 0.0000 -3.4000 -2.7254
 0.0000 -3.0000 -2.7254
 0.0000 -2.6000 -2.7254
 0.0000 -2.2000 -2.7254
 0.0000 -1.8000 -2.7254
 0.0000 -1.4000 -2.7254
 0.0000 -1.0000 -2.7254
 0.0000 -0.6000 -2.7254
 0.0000 -0.2000 -2.7254
 0.0000 0.2000 -2.7254
 0.0000 0.6000 -2.7254
 0.0000 1.0000 -2.7254
 0.0000 1.4000 -2.7254
 0.0000 1.8000 -2.7254
 0.0000 2.2000 -2.7254
 0.0000 2.6000 -2.7254
 0.0000 3.0000 -2.7254
 0.0000 3.4000 -2.7254
 0.0000 3.8000 -2.7254
 0.0000 4.2000 -2.7254
 0.0000 4.6000 -2.7254
 0.0000 5.0000 -2.7254
 0.0000 5.4000 -2.7254
 0.0000 5.8000 -2.7254
 0.0000 6.2000 -2.7254
 0.0000 6.6000 -2.7254
 0.0000 7.0000 -2.7254
 0.0000 7.4000 -2.7254
 0.0000 7.8000 -2.7254
 0.0000 8.2000 -2.7254
 0.0000 8.6000 -2.7254
 0.0000 9.0000 -2.7254
 0.0000 9.4000 -2.7254
 0.0000 9.8000 -2.7254
 0.0000 -10.0000 -2.3790
 0.0000 -9.6000 -2.3790
 0.0000 -9.2000 -2.3790
 0.0000 -8.8000 -2.3790
 0.0000 -8.4000 -2.3790
 0.0000 -8.0000 -2.3790
 0.0000 -7.6000 -2.3790
 0.0000 -7.2000 -2.3790
 0.0000 -6.8000 -2.3790
 0.0000 -6.4000 -2.3790
 0.0000 -6.0000 -2.3790
 0.0000 -5.6000 -2.3790
 0.0000 -5.2000 -2.3790
 0.0000 -4.8000 -2.3790
 0.0000 -4.4000 -2.3790
 0.0000 -4.0000 -2.3790
 0.0000 -3.6000 -2.3790
 0.0000 -3.2000 -2.3790
 0.0000 -2.8000 -2.3790
 0.0000 -2.4000 -2.3790
 0.0000 -2.0000 -2.3790
 0.0000 -1.6000 -2.3790
 0.0000 -1.2000 -2.3790
 0.0000 -0.8000 -2.3790
 0.0000 -0.4000 -2.3790
 0.0000 0.0000 -2.3790
 0.0000 0.4000 -2.3790
 0.0000 0.8000 -2.3790
 0.0000 1.2000 -2.3790
 0.0000 1.6000 -2.3790
 0.0000 2.0000 -2.3790
 0.0000 2.4000 -2.3790
 0.0000 2.8000 -2.3790
 0.0000 3.2000 -2.3790
 0.0000 3.6000 -2.3790
 0.0000 4.0000 -2.3790
 0.0000 4.4000 -2.3790
 0.0000 4.8000 -2.3790
 0.0000 5.2000 -2.3790
 0.0000 5.6000 -2.3790
 0.0000 6.0000 -2.3790
 0.0000 6.4000 -2.3790
 0.0000 6.8000 -2.3790
 0.0000 7.2000 -2.3790
 0.0000 7.6000 -2.3790
 0.0000 8.0000 -2.3790
 0.0000 8.4000 -2.3790
 0.0000 8.8000 -2.3790
 0.0000 9.2000 -2.3790
 0.0000 9.6000 -2.3790
 0.0000 -9.8000 -2.0326
 0.0000 -9.4000 -2.0326
 0.0000 -9.0000 -2.0326
 0.0000 -8.6000 -2.0326
 0.0000 -8.2000 -2.0326
 0.0000 -7.8000 -2.0326
 0.0000 -7.4000 -2.0326
 0.0000 -7.0000 -2.0326
 0.0000 -6.6000 -2.0326
 0.0000 -6.2000 -2.0326
 0.0000 -5.8000 -2.0326
 0.0000 -5.4000 -2.0326
 0.0000 -5.0000 -2.0326
 0.0000 -4.6000 -2.0326
 0.0000 -4.2000 -2.0326
 0.0000 -3.8000 -2.0326
 0.0000 -3.4000 -2.0326
 0.0000 -3.0000 -2.0326
 0.0000 -2.6000 -2.0326
 0.0000 -2.2000 -2.0326
 0.0000 -1.8000 -2.0326
 0.0000 -1.4000 -2.0326
 0.0000 -1.0000 -2.0326
 0.0000 -0.6000 -2.0326
 0.0000 -0.2000 -2.0326
 0.0000 0.2000 -2.0326
 0.0000 0.6000 -2.0326
 0.0000 1.0000 -2.0326
 0.0000 1.4000 -2.0326
 0.0000 1.8000 -2.0326
 0.0000 2.2000 -2.0326
 0.0000 2.6000 -2.0326
 0.0000 3.0000 -2.0326
 0.0000 3.4000 -2.0326
 0.0000 3.8000 -2.0326
 0.0000 4.2000 -2.0326
 0.0000 4.6000 -2.0326
 0.0000 5.0000 -2.0326
 0.0000 5.4000 -2.0326
 0.0000 5.8000 -2.0326
 0.0000 6.2000 -2.0326
 0.0000 6.6000 -2.0326
 0.0000 7.0000 -2.0326
 0.0000 7.4000 -2.0326
 0.0000 7.8000 -2.0326
 0.0000 8.2000 -2.0326
 0.0000 8.6000 -2.0326
 0.0000 9.0000 -2.0326
 0.0000 9.4000 -2.0326
 0.0000 9.8000 -2.0326
 0.0000 -10.0000 -1.6862
 0.0000 -9.6000 -1.6862
 0.0000 -9.2000 -1.6862
 0.0000 -8.8000 -1.6862
 0.0000 -8.4000 -1.6862
 0.0000 -8.0000 -1.6862
 0.0000 -7.6000 -1.6862
 0.0000 -7.2000 -1.6862
 0.0000 -6.8000 -1.6862
 0.0000 -6.4000 -1.6862
 0.0000 -6.0000 -1.6862
 0.0000 -5.6000 -1.6862
 0.0000 -5.2000 -1.6862
 0.0000 -4.8000 -1.6862
 0.0000 -4.4000 -1.6862
 0.0000 -4.0000 -1.6862
 0.0000 -3.6000 -1.6862
 0.0000 -3.2000 -1.6862
 0.0000 -2.8000 -1.6862
 0.0000 -2.4000 -1.6862
 0.0000 -2.0000 -1.6862
 0.0000 -1.6000 -1.6862
 0.0000 -1.2000 -1.6862
 0.0000 1.2000 -1.6862
 0.0000 1.6000 -1.6862
 0.0000 2.0000 -1.6862
 0.0000 2.4000 -1.6862
 0.0000 2.8000 -1.6862
 0.0000 3.2000 -1.6862
 0.0000 3.6000 -1.6862
 0.0000 4.0000 -1.6862
 0.0000 4.4000 -1.6862
 0.0000 4.8000 -1.6862
 0.0000 5.2000 -1.6862
 0.0000 5.6000 -1.6862
 0.0000 6.0000 -1.6862
 0.0000 6.4000 -1.6862
 0.0000 6.8000 -1.6862
 0.0000 7.2000 -1.6862
 0.0000 7.6000 -1.6862
 0.0000 8.0000 -1.6862
 0.0000 8.4000 -1.6862
 0.0000 8.8000 -1.6862
 0.0000 9.2000 -1.6862
 0.0000 9.6000 -1.6862
 0.0000 -9.8000 -1.3397
 0.0000 -9.4000 -1.3397
 0.0000 -9.0000 -1.3397
 0.0000 -8.6000 -1.3397
 0.0000 -8.2000 -1.3397
 0.0000 -7.8000 -1.3397
 0.0000 -7.4000 -1.3397
 0.0000 -7.0000 -1.3397
 0.0000 -6.6000 -1.3397
 0.0000 -6.2000 -1.3397
 0.0000 -5.8000 -1.3397
 0.0000 -5.4000 -1.3397
 0.0000 -5.0000 -1.3397
 0.0000 -4.6000 -1.3397
 0.0000 -4.2000 -1.3397
 0.0000 -3.8000 -1.3397
 0.0000 -3.4000 -1.3397
 0.0000 -3.0000 -1.3397
 0.0000 -2.6000 -1.3397
 0.0000 -2.2000 -1.3397
 0.0000 -1.8000 -1.3397
 0.0000 1.8000 -1.3397
 0.0000 2.2000 -1.3397
 0.0000 2.6000 -1.3397
 0.0000 3.0000 -1.3397
 0.0000 3.4000 -1.3397
 0.0000 3.8000 -1.3397
 0.0000 4.2000 -1.3397
 0.0000 4.6000 -1.3397
 0.0000 5.0000 -1.3397
 0.0000 5.4000 -1.3397
 0.0000 5.8000 -1.3397
 0.0000 6.2000 -1.3397
 0.0000 6.6000 -1.3397
 0.0000 7.0000 -1.3397
 0.0000 7.4000 -1.3397
 0.0000 7.8000 -1.3397
 0.0000 8.2000 -1.3397
 0.0000 8.6000 -1.3397
 0.0000 9.0000 -1.3397
 0.0000 9.4000 -1.3397
 0.0000 9.8000 -1.3397
 0.0000 -10.0000 -0.9933
 0.0000 -9.6000 -0.9933
 0.0000 -9.2000 -0.9933
 0.0000 -8.8000 -0.9933
 0.0000 -8.4000 -0.9933
 0.0000 -8.0000 -0.9933
 0.0000 -7.6000 -0.9933
 0.0000 -7.2000 -0.9933
 0.0000 -6.8000 -0.9933
 0.0000 -6.4000 -0.9933
 0.0000 -6.0000 -0.9933
 0.0000 -5.6000 -0.9933
 0.0000 -5.2000 -0.9933
 0.0000 -4.8000 -0.9933
 0.0000 -4.4000 -0.9933
 0.0000 -4.0000 -0.9933
 0.0000 -3.6000 -0.9933
 0.0000 -3.2000 -0.9933
 0.0000 -2.8000 -0.9933
 0.0000 -2.4000 -0.9933
 0.0000 -2.0000 -0.9933
 0.0000 2.0000 -0.9933
 0.0000 2.4000 -0.9933
 0.0000 2.8000 -0.9933
 0.0000 3.2000 -0.9933
 0.0000 3.6000 -0.9933
 0.0000 4.0000 -0.9933
 0.0000 4.4000 -0.9933
 0.0000 4.8000 -0.9933
 0.0000 5.2000 -0.9933
 0.0000 5.6000 -0.9933
 0.0000 6.0000 -0.9933
 0.0000 6.4000 -0.9933
 0.0000 6.8000 -0.9933
 0.0000 7.2000 -0.9933
 0.0000 7.6000 -0.9933
 0.0000 8.0000 -0.9933
 0.0000 8.4000 -0.9933
 0.0000 8.8000 -0.9933
 0.0000 9.2000 -0.9933
 0.0000 9.6000 -0.9933
 0.0000 -9.8000 -0.6469
 0.0000 -9.4000 -0.6469
 0.0000 -9.0000 -0.6469
 0.0000 -8.6000 -0.6469
 0.0000 -8.2000 -0.6469
 0.0000 -7.8000 -0.6469
 0.0000 -7.4000 -0.6469
 0.0000 -7.0000 -0.6469
 0.0000 -6.6000 -0.6469
 0.0000 -6.2000 -0.6469
 0.0000 -5.8000 -0.6469
 0.0000 -5.4000 -0.6469
 0.0000 -5.0000 -0.6469
 0.0000 -4.6000 -0.6469
 0.0000 -4.2000 -0.6469
 0.0000 -3.8000 -0.6469
 0.0000 -3.4000 -0.6469
 0.0000 -3.0000 -0.6469
 0.0000 -2.6000 -0.6469
 0.0000 -2.2000 -0.6469
 0.0000 2.2000 -0.6469
 0.0000 2.6000 -0.6469
 0.0000 3.0000 -0.6469
 0.0000 3.4000 -0.6469
 0.0000 3.8000 -0.6469
 0.0000 4.2000 -0.6469
 0.0000 4.6000 -0.6469
 0.0000 5.0000 -0.6469
 0.0000 5.4000 -0.6469
 0.0000 5.8000 -0.6469
 0.0000 6.2000 -0.6469
 0.0000 6.6000 -0.6469
 0.0000 7.0000 -0.6469
 0.0000 7.4000 -0.6469
 0.0000 7.8000 -0.6469
 0.0000 8.2000 -0.6469
 0.0000 8.6000 -0.6469
 0.0000 9.0000 -0.6469
 0.0000 9.4000 -0.6469
 0.0000 9.8000 -0.6469
 0.0000 -10.0000 -0.3005
 0.0000 -9.6000 -0.3005
 0.0000 -9.2000 -0.3005
 0.0000 -8.8000 -0.3005
 0.0000 -8.4000 -0.3005
 0.0000 -8.0000 -0.3005
 0.0000 -7.6000 -0.3005
 0.0000 -7.2000 -0.3005
 0.0000 -6.8000 -0.3005
 0.0000 -6.4000 -0.3005
 0.0000 -6.0000 -0.3005
 0.0000 -5.6000 -0.3005
 0.0000 -5.2000 -0.3005
 0.0000 -4.8000 -0.3005
 0.0000 -4.4000 -0.3005
 0.0000 -4.0000 -0.3005
 0.0000 -3.6000 -0.3005
 0.0000 -3.2000 -0.3005
 0.0000 -2.8000 -0.3005
 0.0000 -2.4000 -0.3005
 0.0000 -2.0000 -0.3005
 0.0000 2.0000 -0.3005
 0.0000 2.4000 -0.3005
 0.0000 2.8000 -0.3005
 0.0000 3.2000 -0.3005
 0.0000 3.6000 -0.3005
 0.0000 4.0000 -0.3005
 0.0000 4.4000 -0.3005
 0.0000 4.8000 -0.3005
 0.0000 5.2000 -0.3005
 0.0000 5.6000 -0.3005
 0.0000 6.0000 -0.3005
 0.0000 6.4000 -0.3005
 0.0000 6.8000 -0.3005
 0.0000 7.2000 -0.3005
 0.0000 7.6000 -0.3005
 0.0000 8.0000 -0.3005
 0.0000 8.4000 -0.3005
 0.0000 8.8000 -0.3005
 0.0000 9.2000 -0.3005
 0.0000 9.6000 -0.3005
 0.0000 -9.8000 0.0459
 0.0000 -9.4000 0.0459
 0.0000 -9.0000 0.0459
 0.0000 -8.6000 0.0459
 0.0000 -8.2000 0.0459
 0.0000 -7.8000 0.0459
 0.0000 -7.4000 0.0459
 0.0000 -7.0000 0.0459
 0.0000 -6.6000 0.0459
 0.0000 -6.2000 0.0459
 0.0000 -5.8000 0.0459
 0.0000 -5.4000 0.0459
 0.0000 -5.0000 0.0459
 0.0000 -4.6000 0.0459
 0.0000 -4.2000 0.0459
 0.0000 -3.8000 0.0459
 0.0000 -3.4000 0.0459
 0.0000 -3.0000 0.0459
 0.0000 -2.6000 0.0459
 0.0000 -2.2000 0.0459
 0.0000 2.2000 0.0459
 0.0000 2.6000 0.0459
 0.0000 3.0000 0.0459
 0.0000 3.4000 0.0459
 0.0000 3.8000 0.0459
 0.0000 4.2000 0.0459
 0.0000 4.6000 0.0459
 0.0000 5.0000 0.0459
 0.0000 5.4000 0.0459
 0.0000 5.8000 0.0459
 0.0000 6.2000 0.0459
 0.0000 6.6000 0.0459
 0.0000 7.0000 0.0459
 0.0000 7.4000 0.0459
 0.0000 7.8000 0.0459
 0.0000 8.2000 0.0459
 0.0000 8.6000 0.0459
 0.0000 9.0000 0.0459
 0.0000 9.4000 0.0459
 0.0000 9.8000 0.0459
 0.0000 -10.0000 0.3923
 0.0000 -9.6000 0.3923
 0.0000 -9.2000 0.3923
 0.0000 -8.8000 0.3923
 0.0000 -8.4000 0.3923
 0.0000 -8.0000 0.3923
 0.0000 -7.6000 0.3923
 0.0000 -7.2000 0.3923
 0.0000 -6.8000 0.3923
 0.0000 -6.4000 0.3923
 0.0000 -6.0000 0.3923
 0.0000 -5.6000 0.3923
 0.0000 -5.2000 0.3923
 0.0000 -4.8000 0.3923
 0.0000 -4.4000 0.3923
 0.0000 -4.0000 0.3923
 0.0000 -3.6000 0.3923
 0.0000 -3.2000 0.3923
 0.0000 -2.8000 0.3923
 0.0000 -2.4000 0.3923
 0.0000 -2.0000 0.3923
 0.0000 2.0000 0.3923
 0.0000 2.4000 0.3923
 0.0000 2.8000 0.3923
 0.0000 3.2000 0.3923
 0.0000 3.6000 0.3923
 0.0000 4.0000 0.3923
 0.0000 4.4000 0.3923
 0.0000 4.8000 0.3923
 0.0000 5.2000 0.3923
 0.0000 5.6000 0.3923
 0.0000 6.0000 0.3923
 0.0000 6.4000 0.3923
 0.0000 6.8000 0.3923
 0.0000 7.2000 0.3923
 0.0000 7.6000 0.3923
 0.0000 8.0000 0.3923
 0.0000 8.4000 0.3923
 0.0000 8.8000 0.3923
 0.0000 9.2000 0.3923
 0.0000 9.6000 0.3923
 0.0000 -9.8000 0.7387
 0.0000 -9.4000 0.7387
 0.0000 -9.0000 0.7387
 0.0000 -8.6000 0.7387
 0.0000 -8.2000 0.7387
 0.0000 -7.8000 0.7387
 0.0000 -7.4000 0.7387
 0.0000 -7.0000 0.7387
 0.0000 -6.6000 0.7387
 0.0000 -6.2000 0.7387
 0.0000 -5.8000 0.7387
 0.0000 -5.4000 0.7387
 0.0000 -5.0000 0.7387
 0.0000 -4.6000 0.7387
 0.0000 -4.2000 0.7387
 0.0000 -3.8000 0.7387
 0.0000 -3.4000 0.7387
 0.0000 -3.0000 0.7387
 0.0000 -2.6000 0.7387
 0.0000 -2.2000 0.7387
 0.0000 2.2000 0.7387
 0.0000 2.6000 0.7387
 0.0000 3.0000 0.7387
 0.0000 3.4000 0.7387
 0.0000 3.8000 0.7387
 0.0000 4.2000 0.7387
 0.0000 4.6000 0.7387
 0.0000 5.0000 0.7387
 0.0000 5.4000 0.7387
 0.0000 5.8000 0.7387
 0.0000 6.2000 0.7387
 0.0000 6.6000 0.7387
 0.0000 7.0000 0.7387
 0.0000 7.4000 0.7387
 0.0000 7.8000 0.7387
 0.0000 8.2000 0.7387
 0.0000 8.6000 0.7387
 0.0000 9.0000 0.7387
 0.0000 9.4000 0.7387
 0.0000 9.8000 0.7387
 0.0000 -10.0000 1.0851
 0.0000 -9.6000 1.0851
 0.0000 -9.2000 1.0851
 0.0000 -8.8000 1.0851
 0.0000 -8.4000 1.0851
 0.0000 -8.0000 1.0851
 0.0000 -7.6000 1.0851
 0.0000 -7.2000 1.0851
 0.0000 -6.8000 1.0851
 0.0000 -6.4000 1.0851
 0.0000 -6.0000 1.0851
 0.0000 -5.6000 1.0851
 0.0000 -5.2000 1.0851
 0.0000 -4.8000 1.0851
 0.0000 -4.4000 1.0851
 0.0000 -4.0000 1.0851
 0.0000 -3.6000 1.0851
 0.0000 -3.2000 1.0851
 0.0000 -2.8000 1.0851
 0.0000 -2.4000 1.0851
 0.0000 -2.0000 1.0851
 0.0000 2.0000 1.0851
 0.0000 2.4000 1.0851
 0.0000 2.8000 1.0851
 0.0000 3.2000 1.0851
 0.0000 3.6000 1.0851
 0.0000 4.0000 1.0851
 0.0000 4.4000 1.0851
 0.0000 4.8000 1.0851
 0.0000 5.2000 1.0851
 0.0000 5.6000 1.0851
 0.0000 6.0000 1.0851
 0.0000 6.4000 1.0851
 0.0000 6.8000 1.0851
 0.0000 7.2000 1.0851
 0.0000 7.6000 1.0851
 0.0000 8.0000 1.0851
 0.0000 8.4000 1.0851
 0.0000 8.8000 1.0851
 0.0000 9.2000 1.0851
 0.0000 9.6000 1.0851
 0.0000 -9.8000 1.4315
 0.0000 -9.4000 1.4315
 0.0000 -9.0000 1.4315
 0.0000 -8.6000 1.4315
 0.0000 -8.2000 1.4315
 0.0000 -7.8000 1.4315
 0.0000 -7.4000 1.4315
 0.0000 -7.0000 1.4315
 0.0000 -6.6000 1.4315
 0.0000 -6.2000 1.4315
 0.0000 -5.8000 1.4315
 0.0000 -5.4000 1.4315
 0.0000 -5.0000 1.4315
 0.0000 -4.6000 1.4315
 0.0000 -4.2000 1.4315
 0.0000 -3.8000 1.4315
 0.0000 -3.4000 1.4315
 0.0000 -3.0000 1.4315
 0.0000 -2.6000 1.4315
 0.0000 -2.2000 1.4315
 0.0000 -1.8000 1.4315
 0.0000 -1.4000 1.4315
 0.0000 1.4000 1.4315
 0.0000 1.8000 1.4315
 0.0000 2.2000 1.4315
 0.0000 2.6000 1.4315
 0.0000 3.0000 1.4315
 0.0000 3.4000 1.4315
 0.0000 3.8000 1.4315
 0.0000 4.2000 1.4315
 0.0000 4.6000 1.4315
 0.0000 5.0000 1.4315
 0.0000 5.4000 1.4315
 0.0000 5.8000 1.4315
 0.0000 6.2000 1.4315
 0.0000 6.6000 1.4315
 0.0000 7.0000 1.4315
 0.0000 7.4000 1.4315
 0.0000 7.8000 1.4315
 0.0000 8.2000 1.4315
 0.0000 8.6000 1.4315
 0.0000 9.0000 1.4315
 0.0000 9.4000 1.4315
 0.0000 9.8000 1.4315
 0.0000 -10.0000 1.7779
 0.0000 -9.6000 1.7779
 0.0000 -9.2000 1.7779
 0.0000 -8.8000 1.7779
 0.0000 -8.4000 1.7779
 0.0000 -8.0000 1.7779
 0.0000 -7.6000 1.7779
 0.0000 -7.2000 1.7779
 0.0000 -6.8000 1.7779
 0.0000 -6.4000 1.7779
 0.0000 -6.0000 1.7779
 0.0000 -5.6000 1.7779
 0.0000 -5.2000 1.7779
 0.0000 -4.8000 1.7779
 0.0000 -4.4000 1.7779
 0.0000 -4.0000 1.7779
 0.0000 -3.6000 1.7779
 0.0000 -3.2000 1.7779
 0.0000 -2.8000 1.7779
 0.0000 -2.4000 1.7779
 0.0000 -2.0000 1.7779
 0.0000 -1.6000 1.7779
 0.0000 -1.2000 1.7779
 0.0000 1.2000 1.7779
 0.0000 1.6000 1.7779
 0.0000 2.0000 1.7779
 0.0000 2.4000 1.7779
 0.0000 2.8000 1.7779
 0.0000 3.2000 1.7779
 0.0000 3.6000 1.7779
 0.0000 4.0000 1.7779
 0.0000 4.4000 1.7779
 0.0000 4.8000 1.7779
 0.0000 5.2000 1.7779
 0.0000 5.6000 1.7779
 0.0000 6.0000 1.7779
 0.0000 6.4000 1.7779
 0.0000 6.8000 1.7779
 0.0000 7.2000 1.7779
 0.0000 7.6000 1.7779
 0.0000 8.0000 1.7779
 0.0000 8.4000 1.7779
 0.0000 8.8000 1.7779
 0.0000 9.2000 1.7779
 0.0000 9.6000 1.7779
 0.0000 -9.8000 2.1244
 0.0000 -9.4000 2.1244
 0.0000 -9.0000 2.1244
 0.0000 -8.6000 2.1244
 0.0000 -8.2000 2.1244
 0.0000 -7.8000 2.1244
 0.0000 -7.4000 2.1244
 0.0000 -7.0000 2.1244
 0.0000 -6.6000 2.1244
 0.0000 -6.2000 2.1244
 0.0000 -5.8000 2.1244
 0.0000 -5.4000 2.1244
 0.0000 -5.0000 2.1244
 0.0000 -4.6000 2.1244
 0.0000 -4.2000 2.1244
 0.0000 -3.8000 2.1244
 0.0000 -3.4000 2.1244
 0.0000 -3.0000 2.1244
 0.0000 -2.6000 2.1244
 0.0000 -2.2000 2.1244
 0.0000 -1.8000 2.1244
 0.0000 -1.4000 2.1244
 0.0000 -1.0000 2.1244
 0.0000 -0.6000 2.1244
 0.0000 -0.2000 2.1244
 0.0000 0.2000 2.1244
 0.0000 0.6000 2.1244
 0.0000 1.0000 2.1244
 0.0000 1.4000 2.1244
 0.0000 1.8000 2.1244
 0.0000 2.2000 2.1244
 0.0000 2.6000 2.1244
 0.0000 3.0000 2.1244
 0.0000 3.4000 2.1244
 0.0000 3.8000 2.1244
 0.0000 4.2000 2.1244
 0.0000 4.6000 2.1244
 0.0000 5.0000 2.1244
 0.0000 5.4000 2.1244
 0.0000 5.8000 2.1244
 0.0000 6.2000 2.1244
 0.0000 6.6000 2.1244
 0.0000 7.0000 2.1244
 0.0000 7.4000 2.1244
 0.0000 7.8000 2.1244
 0.0000 8.2000 2.1244
 0.0000 8.6000 2.1244
 0.0000 9.0000 2.1244
 0.0000 9.4000 2.1244
 0.0000 9.8000 2.1244
 0.0000 -10.0000 2.4708
 0.0000 -9.6000 2.4708
 0.0000 -9.2000 2.4708
 0.0000 -8.8000 2.4708
 0.0000 -8.4000 2.4708
 0.0000 -8.0000 2.4708
 0.0000 -7.6000 2.4708
 0.0000 -7.2000 2.4708
 0.0000 -6.8000 2.4708
 0.0000 -6.4000 2.4708
 0.0000 -6.0000 2.4708
 0.0000 -5.6000 2.4708
 0.0000 -5.2000 2.4708
 0.0000 -4.8000 2.4708
 0.0000 -4.4000 2.4708
 0.0000 -4.0000 2.4708
 0.0000 -3.6000 2.4708
 0.0000 -3.2000 2.4708
 0.0000 -2.8000 2.4708
 0.0000 -2.4000 2.4708
 0.0000 -2.0000 2.4708
 0.0000 -1.6000 2.4708
 0.0000 -1.2000 2.4708
 0.0000 -0.8000 2.4708
 0.0000 -0.4000 2.4708
 0.0000 0.0000 2.4708
 0.0000 0.4000 2.4708
 0.0000 0.8000 2.4708
 0.0000 1.2000 2.4708
 0.0000 1.6000 2.4708
 0.0000 2.0000 2.4708
 0.0000 2.4000 2.4708
 0.0000 2.8000 2.4708
 0.0000 3.2000 2.4708
 0.0000 3.6000 2.4708
 0.0000 4.0000 2.4708
 0.0000 4.4000 2.4708
 0.0000 4.8000 2.4708
 0.0000 5.2000 2.4708
 0.0000 5.6000 2.4708
 0.0000 6.0000 2.4708
 0.0000 6.4000 2.4708
 0.0000 6.8000 2.4708
 0.0000 7.2000 2.4708
 0.0000 7.6000 2.4708
 0.0000 8.0000 2.4708
 0.0000 8.4000 2.4708
 0.0000 8.8000 2.4708
 0.0000 9.2000 2.4708
 0.0000 9.6000 2.4708
 0.0000 -9.8000 2.8172
 0.0000 -9.4000 2.8172
 0.0000 -9.0000 2.8172
 0.0000 -8.6000 2.8172
 0.0000 -8.2000 2.8172
 0.0000 -7.8000 2.8172
 0.0000 -7.4000 2.8172
 0.0000 -7.0000 2.8172
 0.0000 -6.6000 2.8172
 0.0000 -6.2000 2.8172
 0.0000 -5.8000 2.8172
 0.0000 -5.4000 2.8172
 0.0000 -5.0000 2.8172
 0.0000 -4.6000 2.8172
 0.0000 -4.2000 2.8172
 0.0000 -3.8000 2.8172
 0.0000 -3.4000 2.8172
 0.0000 -3.0000 2.8172
 0.0000 -2.6000 2.8172
 0.0000 -2.2000 2.8172
 0.0000 -1.8000 2.8172
 0.0000 -1.4000 2.8172
 0.0000 -1.0000 2.8172
 0.0000 -0.6000 2.8172
 0.0000 -0.2000 2.8172
 0.0000 0.2000 2.8172
 0.0000 0.6000 2.8172
 0.0000 1.0000 2.8172
 0.0000 1.4000 2.8172
 0.0000 1.8000 2.8172
 0.0000 2.2000 2.8172
 0.0000 2.6000 2.8172
 0.0000 3.0000 2.8172
 0.0000 3.4000 2.8172
 0.0000 3.8000 2.8172
 0.0000 4.2000 2.8172
 0.0000 4.6000 2.8172
 0.0000 5.0000 2.8172
 0.0000 5.4000 2.8172
 0.0000 5.8000 2.8172
 0.0000 6.2000 2.8172
 0.0000 6.6000 2.8172
 0.0000 7.0000 2.8172
 0.0000 7.4000 2.8172
 0.0000 7.8000 2.8172
 0.0000 8.2000 2.8172
 0.0000 8.6000 2.8172
 0.0000 9.0000 2.8172
 0.0000 9.4000 2.8172
 0.0000 9.8000 2.8172
 0.0000 -10.0000 3.1636
 0.0000 -9.6000 3.1636
 0.0000 -9.2000 3.1636
 0.0000 -8.8000 3.1636
 0.0000 -8.4000 3.1636
 0.0000 -8.0000 3.1636
 0.0000 -7.6000 3.1636
 0.0000 -7.2000 3.1636
 0.0000 -6.8000 3.1636
 0.0000 -6.4000 3.1636
 0.0000 -6.0000 3.1636
 0.0000 -5.6000 3.1636
 0.0000 -5.2000 3.1636
 0.0000 -4.8000 3.1636
 0.0000 -4.4000 3.1636
 0.0000 -4.0000 3.1636
 0.0000 -3.6000 3.1636
 0.0000 -3.2000 3.1636
 0.0000 -2.8000 3.1636
 0.0000 -2.4000 3.1636
 0.0000 -2.0000 3.1636
 0.0000 -1.6000 3.1636
 0.0000 -1.2000 3.1636
 0.0000 -0.8000 3.1636
 0.0000 -0.4000 3.1636
 0.0000 0.0000 3.1636
 0.0000 0.4000 3.1636
 0.0000 0.8000 3.1636
 0.0000 1.2000 3.1636
 0.0000 1.6000 3.1636
 0.0000 2.0000 3.1636
 0.0000 2.4000 3.1636
 0.0000 2.8000 3.1636
 0.0000 3.2000 3.1636
 0.0000 3.6000 3.1636
 0.0000 4.0000 3.1636
 0.0000 4.4000 3.1636
 0.0000 4.8000 3.1636
 0.0000 5.2000 3.1636
 0.0000 5.6000 3.1636
 0.0000 6.0000 3.1636
 0.0000 6.4000 3.1636
 0.0000 6.8000 3.1636
 0.0000 7.2000 3.1636
 0.0000 7.6000 3.1636
 0.0000 8.0000 3.1636
 0.0000 8.4000 3.1636
 0.0000 8.8000 3.1636
 0.0000 9.2000 3.1636
 0.0000 9.6000 3.1636
 0.0000 -9.8000 3.5100
 0.0000 -9.4000 3.5100
 0.0000 -9.0000 3.5100
 0.0000 -8.6000 3.5100
 0.0000 -8.2000 3.5100
 0.0000 -7.8000 3.5100
 0.0000 -7.4000 3.5100
 0.0000 -7.0000 3.5100
 0.0000 -6.6000 3.5100
 0.0000 -6.2000 3.5100
 0.0000 -5.8000 3.5100
 0.0000 -5.4000 3.5100
 0.0000 -5.0000 3.5100
 0.0000 -4.6000 3.5100
 0.0000 -4.2000 3.5100
 0.0000 -3.8000 3.5100
 0.0000 -3.4000 3.5100
 0.0000 -3.0000 3.5100
 0.0000 -2.6000 3.5100
 0.0000 -2.2000 3.5100
 0.0000 -1.8000 3.5100
 0.0000 -1.4000 3.5100
 0.0000 -1.0000 3.5100
 0.0000 -0.6000 3.5100
 0.0000 -0.2000 3.5100
 0.0000 0.2000 3.5100
 0.0000 0.6000 3.5100
 0.0000 1.0000 3.5100
 0.0000 1.4000 3.5100
 0.0000 1.8000 3.5100
 0.0000 2.2000 3.5100
 0.0000 2.6000 3.5100
 0.0000 3.0000 3.5100
 0.0000 3.4000 3.5100
 0.0000 3.8000 3.5100
 0.0000 4.2000 3.5100
 0.0000 4.6000 3.5100
 0.0000 5.0000 3.5100
 0.0000 5.4000 3.5100
 0.0000 5.8000 3.5100
 0.0000 6.2000 3.5100
 0.0000 6.6000 3.5100
 0.0000 7.0000 3.5100
 0.0000 7.4000 3.5100
 0.0000 7.8000 3.5100
 0.0000 8.2000 3.5100
 0.0000 8.6000 3.5100
 0.0000 9.0000 3.5100
 0.0000 9.4000 3.5100
 0.0000 9.8000 3.5100
 0.0000 -10.0000 3.8564
 0.0000 -9.6000 3.8564
 0.0000 -9.2000 3.8564
 0.0000 -8.8000 3.8564
 0.0000 -8.4000 3.8564
 0.0000 -8.0000 3.8564
 0.0000 -7.6000 3.8564
 0.0000 -7.2000 3.8564
 0.0000 -6.8000 3.8564
 0.0000 -6.4000 3.8564
 0.0000 -6.0000 3.8564
 0.0000 -5.6000 3.8564
 0.0000 -5.2000 3.8564
 0.0000 -4.8000 3.8564
 0.0000 -4.4000 3.8564
 0.0000 -4.0000 3.8564
 0.0000 -3.6000 3.8564
 0.0000 -3.2000 3.8564
 0.0000 -2.8000 3.8564
 0.0000 -2.4000 3.8564
 0.0000 -2.0000 3.8564
 0.0000 -1.6000 3.8564
 0.0000 -1.2000 3.8564
 0.0000 -0.8000 3.8564
 0.0000 -0.4000 3.8564
 0.0000 0.0000 3.8564
 0.0000 0.4000 3.8564
 0.0000 0.8000 3.8564
 0.0000 1.2000 3.8564
 0.0000 1.6000 3.8564
 0.0000 2.0000 3.8564
 0.0000 2.4000 3.8564
 0.0000 2.8000 3.8564
 0.0000 3.2000 3.8564
 0.0000 3.6000 3.8564
 0.0000 4.0000 3.8564
 0.0000 4.4000 3.8564
 0.0000 4.8000 3.8564
 0.0000 5.2000 3.8564
 0.0000 5.6000 3.8564
 0.0000 6.0000 3.8564
 0.0000 6.4000 3.8564
 0.0000 6.8000 3.8564
 0.0000 7.2000 3.8564
 0.0000 7.6000 3.8564
 0.0000 8.0000 3.8564
 0.0000 8.4000 3.8564
 0.0000 8.8000 3.8564
 0.0000 9.2000 3.8564
 0.0000 9.6000 3.8564
 0.0000 -9.8000 4.2028
 0.0000 -9.4000 4.2028
 0.0000 -9.0000 4.2028
 0.0000 -8.6000 4.2028
 0.0000 -8.2000 4.2028
 0.0000 -7.8000 4.2028
 0.0000 -7.4000 4.2028
 0.0000 -7.0000 4.2028
 0.0000 -6.6000 4.2028
 0.0000 -6.2000 4.2028
 0.0000 -5.8000 4.2028
 0.0000 -5.4000 4.2028
 0.0000 -5.0000 4.2028
 0.0000 -4.6000 4.2028
 0.0000 -4.2000 4.2028
 0.0000 -3.8000 4.2028
 0.0000 -3.4000 4.2028
 0.0000 -3.0000 4.2028
 0.0000 -2.6000 4.2028
 0.0000 -2.2000 4.2028
 0.0000 -1.8000 4.2028
 0.0000 -1.4000 4.2028
 0.0000 -1.0000 4.2028
 0.0000 -0.6000 4.2028
 0.0000 -0.2000 4.2028
 0.0000 0.2000 4.2028
 0.0000 0.6000 4.2028
 0.0000 1.0000 4.2028
 0.0000 1.4000 4.2028
 0.0000 1.8000 4.2028
 0.0000 2.2000 4.2028
 0.0000 2.6000 4.2028
 0.0000 3.0000 4.2028
 0.0000 3.4000 4.2028
 0.0000 3.8000 4.2028
 0.0000 4.2000 4.2028
 0.0000 4.6000 4.2028
 0.0000 5.0000 4.2028
 0.0000 5.4000 4.2028
 0.0000 5.8000 4.2028
 0.0000 6.2000 4.2028
 0.0000 6.6000 4.2028
 0.0000 7.0000 4.2028
 0.0000 7.4000 4.2028
 0.0000 7.8000 4.2028
 0.0000 8.2000 4.2028
 0.0000 8.6000 4.2028
 0.0000 9.0000 4.2028
 0.0000 9.4000 4.2028
 0.0000 9.8000 4.2028
 0.0000 -10.0000 4.5492
 0.0000 -9.6000 4.5492
 0.0000 -9.2000 4.5492
 0.0000 -8.8000 4.5492
 0.0000 -8.4000 4.5492
 0.0000 -8.0000 4.5492
 0.0000 -7.6000 4.5492
 0.0000 -7.2000 4.5492
 0.0000 -6.8000 4.5492
 0.0000 -6.4000 4.5492
 0.0000 -6.0000 4.5492
 0.0000 -5.6000 4.5492
 0.0000 -5.2000 4.5492
 0.0000 -4.8000 4.5492
 0.0000 -4.4000 4.5492
 0.0000 -4.0000 4.5492
 0.0000 -3.6000 4.5492
 0.0000 -3.2000 4.5492
 0.0000 -2.8000 4.5492
 0.0000 -2.4000 4.5492
 0.0000 -2.0000 4.5492
 0.0000 -1.6000 4.5492
 0.0000 -1.2000 4.5492
 0.0000 -0.8000 4.5492
 0.0000 -0.4000 4.5492
 0.0000 0.0000 4.5492
 0.0000 0.4000 4.5492
 0.0000 0.8000 4.5492
 0.0000 1.2000 4.5492
 0.0000 1.6000 4.5492
 0.0000 2.0000 4.5492
 0.0000 2.4000 4.5492
 0.0000 2.8000 4.5492
 0.0000 3.2000 4.5492
 0.0000 3.6000 4.5492
 0.0000 4.0000 4.5492
 0.0000 4.4000 4.5492
 0.0000 4.8000 4.5492
 0.0000 5.2000 4.5492
 0.0000 5.6000 4.5492
 0.0000 6.0000 4.5492
 0.0000 6.4000 4.5492
 0.0000 6.8000 4.5492
 0.0000 7.2000 4.5492
 0.0000 7.6000 4.5492
 0.0000 8.0000 4.5492
 0.0000 8.4000 4.5492
 0.0000 8.8000 4.5492
 0.0000 9.2000 4.5492
 0.0000 9.6000 4.5492
 0.0000 -9.8000 4.8956
 0.0000 -9.4000 4.8956
 0.0000 -9.0000 4.8956
 0.0000 -8.6000 4.8956
 0.0000 -8.2000 4.8956
 0.0000 -7.8000 4.8956
 0.0000 -7.4000 4.8956
 0.0000 -7.0000 4.8956
 0.0000 -6.6000 4.8956
 0.0000 -6.2000 4.8956
 0.0000 -5.8000 4.8956
 0.0000 -5.4000 4.8956
 0.0000 -5.0000 4.8956
 0.0000 -4.6000 4.8956
 0.0000 -4.2000 4.8956
 0.0000 -3.8000 4.8956
 0.0000 -3.4000 4.8956
 0.0000 -3.0000 4.8956
 0.0000 -2.6000 4.8956
 0.0000 -2.2000 4.8956
 0.0000 -1.8000 4.8956
 0.0000 -1.4000 4.8956
 0.0000 -1.0000 4.8956
 0.0000 -0.6000 4.8956
 0.0000 -0.2000 4.8956
 0.0000 0.2000 4.8956
 0.0000 0.6000 4.8956
 0.0000 1.0000 4.8956
 0.0000 1.4000 4.8956
 0.0000 1.8000 4.8956
 0.0000 2.2000 4.8956
 0.0000 2.6000 4.8956
 0.0000 3.0000 4.8956
 0.0000 3.4000 4.8956
 0.0000 3.8000 4.8956
 0.0000 4.2000 4.8956
 0.0000 4.6000 4.8956
 0.0000 5.0000 4.8956
 0.0000 5.4000 4.8956
 0.0000 5.8000 4.8956
 0.0000 6.2000 4.8956
 0.0000 6.6000 4.8956
 0.0000 7.0000 4.8956
 0.0000 7.4000 4.8956
 0.0000 7.8000 4.8956
 0.0000 8.2000 4.8956
 0.0000 8.6000 4.8956
 0.0000 9.0000 4.8956
 0.0000 9.4000 4.8956
 0.0000 9.8000 4.8956
 0.0000 -10.0000 5.2420
 0.0000 -9.6000 5.2420
 0.0000 -9.2000 5.2420
 0.0000 -8.8000 5.2420
 0.0000 -8.4000 5.2420
 0.0000 -8.0000 5.2420
 0.0000 -7.6000 5.2420
 0.0000 -7.2000 5.2420
 0.0000 -6.8000 5.2420
 0.0000 -6.4000 5.2420
 0.0000 -6.0000 5.2420
 0.0000 -5.6000 5.2420
 0.0000 -5.2000 5.2420
 0.0000 -4.8000 5.2420
 0.0000 -4.4000 5.2420
 0.0000 -4.0000 5.2420
 0.0000 -3.6000 5.2420
 0.0000 -3.2000 5.2420
 0.0000 -2.8000 5.2420
 0.0000 -2.4000 5.2420
 0.0000 -2.0000 5.2420
 0.0000 -1.6000 5.2420
 0.0000 -1.2000 5.2420
 0.0000 -0.8000 5.2420
 0.0000 -0.4000 5.2420
 0.0000 0.0000 5.2420
 0.0000 0.4000 5.2420
 0.0000 0.8000 5.2420
 0.0000 1.2000 5.2420
 0.0000 1.6000 5.2420
 0.0000 2.0000 5.2420
 0.0000 2.4000 5.2420
 0.0000 2.8000 5.2420
 0.0000 3.2000 5.2420
 0.0000 3.6000 5.2420
 0.0000 4.0000 5.2420
 0.0000 4.4000 5.2420
 0.0000 4.8000 5.2420
 0.0000 5.2000 5.2420
 0.0000 5.6000 5.2420
 0.0000 6.0000 5.2420
 0.0000 6.4000 5.2420
 0.0000 6.8000 5.2420
 0.0000 7.2000 5.2420
 0.0000 7.6000 5.2420
 0.0000 8.0000 5.2420
 0.0000 8.4000 5.2420
 0.0000 8.8000 5.2420
 0.0000 9.2000 5.2420
 0.0000 9.6000 5.2420
 0.0000 -9.8000 5.5885
 0.0000 -9.4000 5.5885
 0.0000 -9.0000 5.5885
 0.0000 -8.6000 5.5885
 0.0000 -8.2000 5.5885
 0.0000 -7.8000 5.5885
 0.0000 -7.4000 5.5885
 0.0000 -7.0000 5.5885
 0.0000 -6.6000 5.5885
 0.0000 -6.2000 5.5885
 0.0000 -5.8000 5.5885
 0.0000 -5.4000 5.5885
 0.0000 -5.0000 5.5885
 0.0000 -4.6000 5.5885
 0.0000 -4.2000 5.5885
 0.0000 -3.8000 5.5885
 0.0000 -3.4000 5.5885
 0.0000 -3.0000 5.5885
 0.0000 -2.6000 5.5885
 0.0000 -2.2000 5.5885
 0.0000 -1.8000 5.5885
 0.0000 -1.4000 5.5885
 0.0000 -1.0000 5.5885
 0.0000 -0.6000 5.5885
 0.0000 -0.2000 5.5885
 0.0000 0.2000 5.5885
 0.0000 0.6000 5.5885
 0.0000 1.0000 5.5885
 0.0000 1.4000 5.5885
 0.0000 1.8000 5.5885
 0.0000 2.2000 5.5885
 0.0000 2.6000 5.5885
 0.0000 3.0000 5.5885
 0.0000 3.4000 5.5885
 0.0000 3.8000 5.5885
 0.0000 4.2000 5.5885
 0.0000 4.6000 5.5885
 0.0000 5.0000 5.5885
 0.0000 5.4000 5.5885
 0.0000 5.8000 5.5885
 0.0000 6.2000 5.5885
 0.0000 6.6000 5.5885
 0.0000 7.0000 5.5885
 0.0000 7.4000 5.5885
 0.0000 7.8000 5.5885
 0.0000 8.2000 5.5885
 0.0000 8.6000 5.5885
 0.0000 9.0000 5.5885
 0.0000 9.4000 5.5885
 0.0000 9.8000 5.5885
 0.0000 -10.0000 5.9349
 0.0000 -9.6000 5.9349
 0.0000 -9.2000 5.9349
 0.0000 -8.8000 5.9349
 0.0000 -8.4000 5.9349
 0.0000 -8.0000 5.9349
 0.0000 -7.6000 5.9349
 0.0000 -7.2000 5.9349
 0.0000 -6.8000 5.9349
 0.0000 -6.4000 5.9349
 0.0000 -6.0000 5.9349
 0.0000 -5.6000 5.9349
 0.0000 -5.2000 5.9349
 0.0000 -4.8000 5.9349
 0.0000 -4.4000 5.9349
 0.0000 -4.0000 5.9349
 0.0000 -3.6000 5.9349
 0.0000 -3.2000 5.9349
 0.0000 -2.8000 5.9349
 0.0000 -2.4000 5.9349
 0.0000 -2.0000 5.9349
 0.0000 -1.6000 5.9349
 0.0000 -1.2000 5.9349
 0.0000 -0.8000 5.9349
 0.0000 -0.4000 5.9349
 0.0000 0.0000 5.9349
 0.0000 0.4000 5.9349
 0.0000 0.8000 5.9349
 0.0000 1.2000 5.9349
 0.0000 1.6000 5.9349
 0.0000 2.0000 5.9349
 0.0000 2.4000 5.9349
 0.0000 2.8000 5.9349
 0.0000 3.2000 5.9349
 0.0000 3.6000 5.9349
 0.0000 4.0000 5.9349
 0.0000 4.4000 5.9349
 0.0000 4.8000 5.9349
 0.0000 5.2000 5.9349
 0.0000 5.6000 5.9349
 0.0000 6.0000 5.9349
 0.0000 6.4000 5.9349
 0.0000 6.8000 5.9349
 0.0000 7.2000 5.9349
 0.0000 7.6000 5.9349
 0.0000 8.0000 5.9349
 0.0000 8.4000 5.9349
 0.0000 8.8000 5.9349
 0.0000 9.2000 5.9349
 0.0000 9.6000 5.9349
 0.0000 -9.8000 6.2813
 0.0000 -9.4000 6.2813
 0.0000 -9.0000 6.2813
 0.0000 -8.6000 6.2813
 0.0000 -8.2000 6.2813
 0.0000 -7.8000 6.2813
 0.0000 -7.4000 6.2813
 0.0000 -7.0000 6.2813
 0.0000 -6.6000 6.2813
 0.0000 -6.2000 6.2813
 0.0000 -5.8000 6.2813
 0.0000 -5.4000 6.2813
 0.0000 -5.0000 6.2813
 0.0000 -4.6000 6.2813
 0.0000 -4.2000 6.2813
 0.0000 -3.8000 6.2813
 0.0000 -3.4000 6.2813
 0.0000 -3.0000 6.2813
 0.0000 -2.6000 6.2813
 0.0000 -2.2000 6.2813
 0.0000 -1.8000 6.2813
 0.0000 -1.4000 6.2813
 0.0000 -1.0000 6.2813
 0.0000 -0.6000 6.2813
 0.0000 -0.2000 6.2813
 0.0000 0.2000 6.2813
 0.0000 0.6000 6.2813
 0.0000 1.0000 6.2813
 0.0000 1.4000 6.2813
 0.0000 1.8000 6.2813
 0.0000 2.2000 6.2813
 0.0000 2.6000 6.2813
 0.0000 3.0000 6.2813
 0.0000 3.4000 6.2813
 0.0000 3.8000 6.2813
 0.0000 4.2000 6.2813
 0.0000 4.6000 6.2813
 0.0000 5.0000 6.2813
 0.0000 5.4000 6.2813
 0.0000 5.8000 6.2813
 0.0000 6.2000 6.2813
 0.0000 6.6000 6.2813
 0.0000 7.0000 6.2813
 0.0000 7.4000 6.2813
 0.0000 7.8000 6.2813
 0.0000 8.2000 6.2813
 0.0000 8.6000 6.2813
 0.0000 9.0000 6.2813
 0.0000 9.4000 6.2813
 0.0000 9.8000 6.2813
 0.0000 -10.0000 6.6277
 0.0000 -9.6000 6.6277
 0.0000 -9.2000 6.6277
 0.0000 -8.8000 6.6277
 0.0000 -8.4000 6.6277
 0.0000 -8.0000 6.6277
 0.0000 -7.6000 6.6277
 0.0000 -7.2000 6.6277
 0.0000 -6.8000 6.6277
 0.0000 -6.4000 6.6277
 0.0000 -6.0000 6.6277
 0.0000 -5.6000 6.6277
 0.0000 -5.2000 6.6277
 0.0000 -4.8000 6.6277
 0.0000 -4.4000 6.6277
 0.0000 -4.0000 6.6277
 0.0000 -3.6000 6.6277
 0.0000 -3.2000 6.6277
 0.0000 -2.8000 6.6277
 0.0000 -2.4000 6.6277
 0.0000 -2.0000 6.6277
 0.0000 -1.6000 6.6277
 0.0000 -1.2000 6.6277
 0.0000 -0.8000 6.6277
 0.0000 -0.4000 6.6277
 0.0000 0.0000 6.6277
 0.0000 0.4000 6.6277
 0.0000 0.8000 6.6277
 0.0000 1.2000 6.6277
 0.0000 1.6000 6.6277
 0.0000 2.0000 6.6277
 0.0000 2.4000 6.6277
 0.0000 2.8000 6.6277
 0.0000 3.2000 6.6277
 0.0000 3.6000 6.6277
 0.0000 4.0000 6.6277
 0.0000 4.4000 6.6277
 0.0000 4.8000 6.6277
 0.0000 5.2000 6.6277
 0.0000 5.6000 6.6277
 0.0000 6.0000 6.6277
 0.0000 6.4000 6.6277
 0.0000 6.8000 6.6277
 0.0000 7.2000 6.6277
 0.0000 7.6000 6.6277
 0.0000 8.0000 6.6277
 0.0000 8.4000 6.6277
 0.0000 8.8000 6.6277
 0.0000 9.2000 6.6277
 0.0000 9.6000 6.6277
 0.0000 -9.8000 6.9741
 0.0000 -9.4000 6.9741
 0.0000 -9.0000 6.9741
 0.0000 -8.6000 6.9741
 0.0000 -8.2000 6.9741
 0.0000 -7.8000 6.9741
 0.0000 -7.4000 6.9741
 0.0000 -7.0000 6.9741
 0.0000 -6.6000 6.9741
 0.0000 -6.2000 6.9741
 0.0000 -5.8000 6.9741
 0.0000 -5.4000 6.9741
 0.0000 -5.0000 6.9741
 0.0000 -4.6000 6.9741
 0.0000 -4.2000 6.9741
 0.0000 -3.8000 6.9741
 0.0000 -3.4000 6.9741
 0.0000 -3.0000 6.9741
 0.0000 -2.6000 6.9741
 0.0000 -2.2000 6.9741
 0.0000 -1.8000 6.9741
 0.0000 -1.4000 6.9741
 0.0000 -1.0000 6.9741
 0.0000 -0.6000 6.9741
 0.0000 -0.2000 6.9741
 0.0000 0.2000 6.9741
 0.0000 0.6000 6.9741
 0.0000 1.0000 6.9741
 0.0000 1.4000 6.9741
 0.0000 1.8000 6.9741
 0.0000 2.2000 6.9741
 0.0000 2.6000 6.9741
 0.0000 3.0000 6.9741
 0.0000 3.4000 6.9741
 0.0000 3.8000 6.9741
 0.0000 4.2000 6.9741
 0.0000 4.6000 6.9741
 0.0000 5.0000 6.9741
 0.0000 5.4000 6.9741
 0.0000 5.8000 6.9741
 0.0000 6.2000 6.9741
 0.0000 6.6000 6.9741
 0.0000 7.0000 6.9741
 0.0000 7.4000 6.9741
 0.0000 7.8000 6.9741
 0.0000 8.2000 6.9741
 0.0000 8.6000 6.9741
 0.0000 9.0000 6.9741
 0.0000 9.4000 6.9741
 0.0000 9.8000 6.9741
 0.0000 -10.0000 7.3205
 0.0000 -9.6000 7.3205
 0.0000 -9.2000 7.3205
 0.0000 -8.8000 7.3205
 0.0000 -8.4000 7.3205
 0.0000 -8.0000 7.3205
 0.0000 -7.6000 7.3205
 0.0000 -7.2000 7.3205
 0.0000 -6.8000 7.3205
 0.0000 -6.4000 7.3205
 0.0000 -6.0000 7.3205
 0.0000 -5.6000 7.3205
 0.0000 -5.2000 7.3205
 0.0000 -4.8000 7.3205
 0.0000 -4.4000 7.3205
 0.0000 -4.0000 7.3205
 0.0000 -3.6000 7.3205
 0.0000 -3.2000 7.3205
 0.0000 -2.8000 7.3205
 0.0000 -2.4000 7.3205
 0.0000 -2.0000 7.3205
 0.0000 -1.6000 7.3205
 0.0000 -1.2000 7.3205
 0.0000 -0.8000 7.3205
 0.0000 -0.4000 7.3205
 0.0000 0.0000 7.3205
 0.0000 0.4000 7.3205
 0.0000 0.8000 7.3205
 0.0000 1.2000 7.3205
 0.0000 1.6000 7.3205
 0.0000 2.0000 7.3205
 0.0000 2.4000 7.3205
 0.0000 2.8000 7.3205
 0.0000 3.2000 7.3205
 0.0000 3.6000 7.3205
 0.0000 4.0000 7.3205
 0.0000 4.4000 7.3205
 0.0000 4.8000 7.3205
 0.0000 5.2000 7.3205
 0.0000 5.6000 7.3205
 0.0000 6.0000 7.3205
 0.0000 6.4000 7.3205
 0.0000 6.8000 7.3205
 0.0000 7.2000 7.3205
 0.0000 7.6000 7.3205
 0.0000 8.0000 7.3205
 0.0000 8.4000 7.3205
 0.0000 8.8000 7.3205
 0.0000 9.2000 7.3205
 0.0000 9.6000 7.3205
 0.0000 -9.8000 7.6669
 0.0000 -9.4000 7.6669
 0.0000 -9.0000 7.6669
 0.0000 -8.6000 7.6669
 0.0000 -8.2000 7.6669
 0.0000 -7.8000 7.6669
 0.0000 -7.4000 7.6669
 0.0000 -7.0000 7.6669
 0.0000 -6.6000 7.6669
 0.0000 -6.2000 7.6669
 0.0000 -5.8000 7.6669
 0.0000 -5.4000 7.6669
 0.0000 -5.0000 7.6669
 0.0000 -4.6000 7.6669
 0.0000 -4.2000 7.6669
 0.0000 -3.8000 7.6669
 0.0000 -3.4000 7.6669
 0.0000 -3.0000 7.6669
 0.0000 -2.6000 7.6669
 0.0000 -2.2000 7.6669
 0.0000 -1.8000 7.6669
 0.0000 -1.4000 7.6669
 0.0000 -1.0000 7.6669
 0.0000 -0.6000 7.6669
 0.0000 -0.2000 7.6669
 0.0000 0.2000 7.6669
 0.0000 0.6000 7.6669
 0.0000 1.0000 7.6669
 0.0000 1.4000 7.6669
 0.0000 1.8000 7.6669
 0.0000 2.2000 7.6669
 0.0000 2.6000 7.6669
 0.0000 3.0000 7.6669
 0.0000 3.4000 7.6669
 0.0000 3.8000 7.6669
 0.0000 4.2000 7.6669
 0.0000 4.6000 7.6669
 0.0000 5.0000 7.6669
 0.0000 5.4000 7.6669
 0.0000 5.8000 7.6669
 0.0000 6.2000 7.6669
 0.0000 6.6000 7.6669
 0.0000 7.0000 7.6669
 0.0000 7.4000 7.6669
 0.0000 7.8000 7.6669
 0.0000 8.2000 7.6669
 0.0000 8.6000 7.6669
 0.0000 9.0000 7.6669
 0.0000 9.4000 7.6669
 0.0000 9.8000 7.6669
 0.0000 -10.0000 8.0133
 0.0000 -9.6000 8.0133
 0.0000 -9.2000 8.0133
 0.0000 -8.8000 8.0133
 0.0000 -8.4000 8.0133
 0.0000 -8.0000 8.0133
 0.0000 -7.6000 8.0133
 0.0000 -7.2000 8.0133
 0.0000 -6.8000 8.0133
 0.0000 -6.4000 8.0133
 0.0000 -6.0000 8.0133
 0.0000 -5.6000 8.0133
 0.0000 -5.2000 8.0133
 0.0000 -4.8000 8.0133
 0.0000 -4.4000 8.0133
 0.0000 -4.0000 8.0133
 0.0000 -3.6000 8.0133
 0.0000 -3.2000 8.0133
 0.0000 -2.8000 8.0133
 0.0000 -2.4000 8.0133
 0.0000 -2.0000 8.0133
 0.0000 -1.6000 8.0133
 0.0000 -1.2000 8.0133
 0.0000 -0.8000 8.0133
 0.0000 -0.4000 8.0133
 0.0000 0.0000 8.0133
 0.0000 0.4000 8.0133
 0.0000 0.8000 8.0133
 0.0000 1.2000 8.0133
 0.0000 1.6000 8.0133
 0.0000 2.0000 8.0133
 0.0000 2.4000 8.0133
 0.0000 2.8000 8.0133
 0.0000 3.2000 8.0133
 0.0000 3.6000 8.0133
 0.0000 4.0000 8.0133
 0.0000 4.4000 8.0133
 0.0000 4.8000 8.0133
 0.0000 5.2000 8.0133
 0.0000 5.6000 8.0133
 0.0000 6.0000 8.0133
 0.0000 6.4000 8.0133
 0.0000 6.8000 8.0133
 0.0000 7.2000 8.0133
 0.0000 7.6000 8.0133
 0.0000 8.0000 8.0133
 0.0000 8.4000 8.0133
 0.0000 8.8000 8.0133
 0.0000 9.2000 8.0133
 0.0000 9.6000 8.0133
 0.0000 -9.8000 8.3597
 0.0000 -9.4000 8.3597
 0.0000 -9.0000 8.3597
 0.0000 -8.6000 8.3597
 0.0000 -8.2000 8.3597
 0.0000 -7.8000 8.3597
 0.0000 -7.4000 8.3597
 0.0000 -7.0000 8.3597
 0.0000 -6.6000 8.3597
 0.0000 -6.2000 8.3597
 0.0000 -5.8000 8.3597
 0.0000 -5.4000 8.3597
 0.0000 -5.0000 8.3597
 0.0000 -4.6000 8.3597
 0.0000 -4.2000 8.3597
 0.0000 -3.8000 8.3597
 0.0000 -3.4000 8.3597
 0.0000 -3.0000 8.3597
 0.0000 -2.6000 8.3597
 0.0000 -2.2000 8.3597
 0.0000 -1.8000 8.3597
 0.0000 -1.4000 8.3597
 0.0000 -1.0000 8.3597
 0.0000 -0.6000 8.3597
 0.0000 -0.2000 8.3597
 0.0000 0.2000 8.3597
 0.0000 0.6000 8.3597
 0.0000 1.0000 8.3597
 0.0000 1.4000 8.3597
 0.0000 1.8000 8.3597
 0.0000 2.2000 8.3597
 0.0000 2.6000 8.3597
 0.0000 3.0000 8.3597
 0.0000 3.4000 8.3597
 0.0000 3.8000 8.3597
 0.0000 4.2000 8.3597
 0.0000 4.6000 8.3597
 0.0000 5.0000 8.3597
 0.0000 5.4000 8.3597
 0.0000 5.8000 8.3597
 0.0000 6.2000 8.3597
 0.0000 6.6000 8.3597
 0.0000 7.0000 8.3597
 0.0000 7.4000 8.3597
 0.0000 7.8000 8.3597
 0.0000 8.2000 8.3597
 0.0000 8.6000 8.3597
 0.0000 9.0000 8.3597
 0.0000 9.4000 8.3597
 0.0000 9.8000 8.3597
 0.0000 -10.0000 8.7061
 0.0000 -9.6000 8.7061
 0.0000 -9.2000 8.7061
 0.0000 -8.8000 8.7061
 0.0000 -8.4000 8.7061
 0.0000 -8.0000 8.7061
 0.0000 -7.6000 8.7061
 0.0000 -7.2000 8.7061
 0.0000 -6.8000 8.7061
 0.0000 -6.4000 8.7061
 0.0000 -6.0000 8.7061
 0.0000 -5.6000 8.7061
 0.0000 -5.2000 8.7061
 0.0000 -4.8000 8.7061
 0.0000 -4.4000 8.7061
 0.0000 -4.0000 8.7061
 0.0000 -3.6000 8.7061
 0.0000 -3.2000 8.7061
 0.0000 -2.8000 8.7061
 0.0000 -2.4000 8.7061
 0.0000 -2.0000 8.7061
 0.0000 -1.6000 8.7061
 0.0000 -1.2000 8.7061
 0.0000 -0.8000 8.7061
 0.0000 -0.4000 8.7061
 0.0000 0.0000 8.7061
 0.0000 0.4000 8.7061
 0.0000 0.8000 8.7061
 0.0000 1.2000 8.7061
 0.0000 1.6000 8.7061
 0.0000 2.0000 8.7061
 0.0000 2.4000 8.7061
 0.0000 2.8000 8.7061
 0.0000 3.2000 8.7061
 0.0000 3.6000 8.7061
 0.0000 4.0000 8.7061
 0.0000 4.4000 8.7061
 0.0000 4.8000 8.7061
 0.0000 5.2000 8.7061
 0.0000 5.6000 8.7061
 0.0000 6.0000 8.7061
 0.0000 6.4000 8.7061
 0.0000 6.8000 8.7061
 0.0000 7.2000 8.7061
 0.0000 7.6000 8.7061
 0.0000 8.0000 8.7061
 0.0000 8.4000 8.7061
 0.0000 8.8000 8.7061
 0.0000 9.2000 8.7061
 0.0000 9.6000 8.7061
 0.0000 -9.8000 9.0526
 0.0000 -9.4000 9.0526
 0.0000 -9.0000 9.0526
 0.0000 -8.6000 9.0526
 0.0000 -8.2000 9.0526
 0.0000 -7.8000 9.0526
 0.0000 -7.4000 9.0526
 0.0000 -7.0000 9.0526
 0.0000 -6.6000 9.0526
 0.0000 -6.2000 9.0526
 0.0000 -5.8000 9.0526
 0.0000 -5.4000 9.0526
 0.0000 -5.0000 9.0526
 0.0000 -4.6000 9.0526
 0.0000 -4.2000 9.0526
 0.0000 -3.8000 9.0526
 0.0000 -3.4000 9.0526
 0.0000 -3.0000 9.0526
 0.0000 -2.6000 9.0526
 0.0000 -2.2000 9.0526
 0.0000 -1.8000 9.0526
 0.0000 -1.4000 9.0526
 0.0000 -1.0000 9.0526
 0.0000 -0.6000 9.0526
 0.0000 -0.2000 9.0526
 0.0000 0.2000 9.0526
 0.0000 0.6000 9.0526
 0.0000 1.0000 9.0526
 0.0000 1.4000 9.0526
 0.0000 1.8000 9.0526
 0.0000 2.2000 9.0526
 0.0000 2.6000 9.0526
 0.0000 3.0000 9.0526
 0.0000 3.4000 9.0526
 0.0000 3.8000 9.0526
 0.0000 4.2000 9.0526
 0.0000 4.6000 9.0526
 0.0000 5.0000 9.0526
 0.0000 5.4000 9.0526
 0.0000 5.8000 9.0526
 0.0000 6.2000 9.0526
 0.0000 6.6000 9.0526
 0.0000 7.0000 9.0526
 0.0000 7.4000 9.0526
 0.0000 7.8000 9.0526
 0.0000 8.2000 9.0526
 0.0000 8.6000 9.0526
 0.0000 9.0000 9.0526
 0.0000 9.4000 9.0526
 0.0000 9.8000 9.0526
 0.0000 -10.0000 9.3990
 0.0000 -9.6000 9.3990
 0.0000 -9.2000 9.3990
 0.0000 -8.8000 9.3990
 0.0000 -8.4000 9.3990
 0.0000 -8.0000 9.3990
 0.0000 -7.6000 9.3990
 0.0000 -7.2000 9.3990
 0.0000 -6.8000 9.3990
 0.0000 -6.4000 9.3990
 0.0000 -6.0000 9.3990
 0.0000 -5.6000 9.3990
 0.0000 -5.2000 9.3990
 0.0000 -4.8000 9.3990
 0.0000 -4.4000 9.3990
 0.0000 -4.0000 9.3990
 0.0000 -3.6000 9.3990
 0.0000 -3.2000 9.3990
 0.0000 -2.8000 9.3990
 0.0000 -2.4000 9.3990
 0.0000 -2.0000 9.3990
 0.0000 -1.6000 9.3990
 0.0000 -1.2000 9.3990
 0.0000 -0.8000 9.3990
 0.0000 -0.4000 9.3990
 0.0000 0.0000 9.3990
 0.0000 0.4000 9.3990
 0.0000 0.8000 9.3990
 0.0000 1.2000 9.3990
 0.0000 1.6000 9.3990
 0.0000 2.0000 9.3990
 0.0000 2.4000 9.3990
 0.0000 2.8000 9.3990
 0.0000 3.2000 9.3990
 0.0000 3.6000 9.3990
 0.0000 4.0000 9.3990
 0.0000 4.4000 9.3990
 0.0000 4.8000 9.3990
 0.0000 5.2000 9.3990
 0.0000 5.6000 9.3990
 0.0000 6.0000 9.3990
 0.0000 6.4000 9.3990
 0.0000 6.8000 9.3990
 0.0000 7.2000 9.3990
 0.0000 7.6000 9.3990
 0.0000 8.0000 9.3990
 0.0000 8.4000 9.3990
 0.0000 8.8000 9.3990
 0.0000 9.2000 9.3990
 0.0000 9.6000 9.3990

Types

