 0.0000 -7.0700 -7.0700
 0.0000 -6.6700 -7.0700
 0.0000 -6.2700 -7.0700
 0.0000 -5.8700 -7.0700
 0.0000 -5.4700 -7.0700
 0.0000 -5.0700 -7.0700
 0.0000 -4.6700 -7.0700
 0.0000 -4.2700 -7.0700
 0.0000 -3.8700 -7.0700
 0.0000 -3.4700 -7.0700
 0.0000 -3.0700 -7.0700
 0.0000 -2.6700 -7.0700
 0.0000 -2.2700 -7.0700
 0.0000 -1.8700 -7.0700
 0.0000 -1.4700 -7.0700
 0.0000 -1.0700 -7.0700
 0.0000 -0.6700 -7.0700
 0.0000 -0.2700 -7.0700
 0.0000 0.1300 -7.0700
 0.0000 0.5300 -7.0700
 0.0000 0.9300 -7.0700
 0.0000 1.3300 -7.0700
 0.0000 1.7300 -7.0700
 0.0000 2.1300 -7.0700
 0.0000 2.5300 -7.0700
 0.0000 2.9300 -7.0700
 0.0000 3.3300 -7.0700
 0.0000 3.7300 -7.0700
 0.0000 4.1300 -7.0700
 0.0000 4.5300 -7.0700
 0.0000 4.9300 -7.0700
 0.0000 5.3300 -7.0700
 0.0000 5.7300 -7.0700
 0.0000 6.1300 -7.0700
 0.0000 6.5300 -7.0700
 0.0000 -6.8700 -6.7236
 0.0000 -6.4700 -6.7236
 0.0000 -6.0700 -6.7236
 0.0000 -5.6700 -6.7236
 0.0000 -5.2700 -6.7236
 0.0000 -4.8700 -6.7236
 0.0000 -4.4700 -6.7236
 0.0000 -4.0700 -6.7236
 0.0000 -3.6700 -6.7236
 0.0000 -3.2700 -6.7236
 0.0000 -2.8700 -6.7236
 0.0000 -2.4700 -6.7236
 0.0000 -2.0700 -6.7236
 0.0000 -1.6700 -6.7236
 0.0000 -1.2700 -6.7236
 0.0000 -0.8700 -6.7236
 0.0000 -0.4700 -6.7236
 0.0000 -0.0700 -6.7236
 0.0000 0.3300 -6.7236
 0.0000 0.7300 -6.7236
 0.0000 1.1300 -6.7236
 0.0000 1.5300 -6.7236
 0.0000 1.9300 -6.7236
 0.0000 2.3300 -6.7236
 0.0000 2.7300 -6.7236
 0.0000 3.1300 -6.7236
 0.0000 3.5300 -6.7236
 0.0000 3.9300 -6.7236
 0.0000 4.3300 -6.7236
 0.0000 4.7300 -6.7236
 0.0000 5.1300 -6.7236
 0.0000 5.5300 -6.7236
 0.0000 5.9300 -6.7236
 0.0000 6.3300 -6.7236
 0.0000 6.7300 -6.7236
 0.0000 -7.0700 -6.3772
 0.0000 -6.6700 -6.3772
 0.0000 -6.2700 -6.3772
 0.0000 -5.8700 -6.3772
 0.0000 -5.4700 -6.3772
 0.0000 -5.0700 -6.3772
 0.0000 -4.6700 -6.3772
 0.0000 -4.2700 -6.3772
 0.0000 -3.8700 -6.3772
 0.0000 -3.4700 -6.3772
 0.0000 -3.0700 -6.3772
 0.0000 -2.6700 -6.3772
 0.0000 -2.2700 -6.3772
 0.0000 -1.8700 -6.3772
 0.0000 -1.4700 -6.3772
 0.0000 -1.0700 -6.3772
 0.0000 -0.6700 -6.3772
 0.0000 -0.2700 -6.3772
 0.0000 0.1300 -6.3772
 0.0000 0.5300 -6.3772
 0.0000 0.9300 -6.3772
 0.0000 1.3300 -6.3772
 0.0000 1.7300 -6.3772
 0.0000 2.1300 -6.3772
 0.0000 2.5300 -6.3772
 0.0000 2.9300 -6.3772
 0.0000 3.3300 -6.3772
 0.0000 3.7300 -6.3772
 0.0000 4.1300 -6.3772
 0.0000 4.5300 -6.3772
 0.0000 4.9300 -6.3772
 0.0000 5.3300 -6.3772
 0.0000 5.7300 -6.3772
 0.0000 6.1300 -6.3772
 0.0000 6.5300 -6.3772
 0.0000 -6.8700 -6.0308
 0.0000 -6.4700 -6.0308
 0.0000 -6.0700 -6.0308
 0.0000 -5.6700 -6.0308
 0.0000 -5.2700 -6.0308
 0.0000 -4.8700 -6.0308
 0.0000 -4.4700 -6.0308
 0.0000 -4.0700 -6.0308
 0.0000 -3.6700 -6.0308
 0.0000 -3.2700 -6.0308
 0.0000 -2.8700 -6.0308
 0.0000 -2.4700 -6.0308
 0.0000 -2.0700 -6.0308
 0.0000 -1.6700 -6.0308
 0.0000 -1.2700 -6.0308
 0.0000 -0.8700 -6.0308
 0.0000 -0.4700 -6.0308
 0.0000 -0.0700 -6.0308
 0.0000 0.3300 -6.0308
 0.0000 0.7300 -6.0308
 0.0000 1.1300 -6.0308
 0.0000 1.5300 -6.0308
 0.0000 1.9300 -6.0308
 0.0000 2.3300 -6.0308
 0.0000 2.7300 -6.0308
 0.0000 3.1300 -6.0308
 0.0000 3.5300 -6.0308
 0.0000 3.9300 -6.0308
 0.0000 4.3300 -6.0308
 0.0000 4.7300 -6.0308
 0.0000 5.1300 -6.0308
 0.0000 5.5300 -6.0308
 0.0000 5.9300 -6.0308
 0.0000 6.3300 -6.0308
 0.0000 6.7300 -6.0308
 0.0000 -7.0700 -5.6844
 0.0000 -6.6700 -5.6844
 0.0000 -6.2700 -5.6844
 0.0000 -5.8700 -5.6844
 0.0000 -5.4700 -5.6844
 0.0000 -5.0700 -5.6844
 0.0000 -4.6700 -5.6844
 0.0000 -4.2700 -5.6844
 0.0000 -3.8700 -5.6844
 0.0000 -3.4700 -5.6844
 0.0000 -3.0700 -5.6844
 0.0000 -2.6700 -5.6844
 0.0000 -2.2700 -5.6844
 0.0000 -1.8700 -5.6844
 0.0000 -1.4700 -5.6844
 0.0000 -1.0700 -5.6844
 0.0000 -0.6700 -5.6844
 0.0000 -0.2700 -5.6844
 0.0000 0.1300 -5.6844
 0.0000 0.5300 -5.6844
 0.0000 0.9300 -5.6844
 0.0000 1.3300 -5.6844
 0.0000 1.7300 -5.6844
 0.0000 2.1300 -5.6844
 0.0000 2.5300 -5.6844
 0.0000 2.9300 -5.6844
 0.0000 3.3300 -5.6844
 0.0000 3.7300 -5.6844
 0.0000 4.1300 -5.6844
 0.0000 4.5300 -5.6844
 0.0000 4.9300 -5.6844
 0.0000 5.3300 -5.6844
 0.0000 5.7300 -5.6844
 0.0000 6.1300 -5.6844
 0.0000 6.5300 -5.6844
 0.0000 -6.8700 -5.3379
 0.0000 -6.4700 -5.3379
 0.0000 -6.0700 -5.3379
 0.0000 -5.6700 -5.3379
 0.0000 -5.2700 -5.3379
 0.0000 -4.8700 -5.3379
 0.0000 -4.4700 -5.3379
 0.0000 -4.0700 -5.3379
 0.0000 -3.6700 -5.3379
 0.0000 -3.2700 -5.3379
 0.0000 -2.8700 -5.3379
 0.0000 -2.4700 -5.3379
 0.0000 -2.0700 -5.3379
 0.0000 -1.6700 -5.3379
 0.0000 -1.2700 -5.3379
 0.0000 -0.8700 -5.3379
 0.0000 -0.4700 -5.3379
 0.0000 -0.0700 -5.3379
 0.0000 0.3300 -5.3379
 0.0000 0.7300 -5.3379
 0.0000 1.1300 -5.3379
 0.0000 1.5300 -5.3379
 0.0000 1.9300 -5.3379
 0.0000 2.3300 -5.3379
 0.0000 2.7300 -5.3379
 0.0000 3.1300 -5.3379
 0.0000 3.5300 -5.3379
 0.0000 3.9300 -5.3379
 0.0000 4.3300 -5.3379
 0.0000 4.7300 -5.3379
 0.0000 5.1300 -5.3379
 0.0000 5.5300 -5.3379
 0.0000 5.9300 -5.3379
 0.0000 6.3300 -5.3379
 0.0000 6.7300 -5.3379
 0.0000 -7.0700 -4.9915
 0.0000 -6.6700 -4.9915
 0.0000 -6.2700 -4.9915
 0.0000 -5.8700 -4.9915
 0.0000 -5.4700 -4.9915
 0.0000 -5.0700 -4.9915
 0.0000 -4.6700 -4.9915
 0.0000 -4.2700 -4.9915
 0.0000 -3.8700 -4.9915
 0.0000 -3.4700 -4.9915
 0.0000 -3.0700 -4.9915
 0.0000 -2.6700 -4.9915
 0.0000 -2.2700 -4.9915
 0.0000 -1.8700 -4.9915
 0.0000 -1.4700 -4.9915
 0.0000 -1.0700 -4.9915
 0.0000 -0.6700 -4.9915
 0.0000 -0.2700 -4.9915
 0.0000 0.1300 -4.9915
 0.0000 0.5300 -4.9915
 0.0000 0.9300 -4.9915
 0.0000 1.3300 -4.9915
 0.0000 1.7300 -4.9915
 0.0000 2.1300 -4.9915
 0.0000 2.5300 -4.9915
 0.0000 2.9300 -4.9915
 0.0000 3.3300 -4.9915
 0.0000 3.7300 -4.9915
 0.0000 4.1300 -4.9915
 0.0000 4.5300 -4.9915
 0.0000 4.9300 -4.9915
 0.0000 5.3300 -4.9915
 0.0000 5.7300 -4.9915
 0.0000 6.1300 -4.9915
 0.0000 6.5300 -4.9915
 0.0000 -6.8700 -4.6451
 0.0000 -6.4700 -4.6451
 0.0000 -6.0700 -4.6451
 0.0000 -5.6700 -4.6451
 0.0000 -5.2700 -4.6451
 0.0000 -4.8700 -4.6451
 0.0000 -4.4700 -4.6451
 0.0000 -4.0700 -4.6451
 0.0000 -3.6700 -4.6451
 0.0000 -3.2700 -4.6451
 0.0000 -2.8700 -4.6451
 0.0000 -2.4700 -4.6451
 0.0000 -2.0700 -4.6451
 0.0000 -1.6700 -4.6451
 0.0000 -1.2700 -4.6451
 0.0000 -0.8700 -4.6451
 0.0000 -0.4700 -4.6451
 0.0000 -0.0700 -4.6451
 0.0000 0.3300 -4.6451
 0.0000 0.7300 -4.6451
 0.0000 1.1300 -4.6451
 0.0000 1.5300 -4.6451
 0.0000 1.9300 -4.6451
 0.0000 2.3300 -4.6451
 0.0000 2.7300 -4.6451
 0.0000 3.1300 -4.6451
 0.0000 3.5300 -4.6451
 0.0000 3.9300 -4.6451
 0.0000 4.3300 -4.6451
 0.0000 4.7300 -4.6451
 0.0000 5.1300 -4.6451
 0.0000 5.5300 -4.6451
 0.0000 5.9300 -4.6451
 0.0000 6.3300 -4.6451
 0.0000 6.7300 -4.6451
 0.0000 -7.0700 -4.2987
 0.0000 -6.6700 -4.2987
 0.0000 -6.2700 -4.2987
 0.0000 -5.8700 -4.2987
 0.0000 -5.4700 -4.2987
 0.0000 -5.0700 -4.2987
 0.0000 -4.6700 -4.2987
 0.0000 -4.2700 -4.2987
 0.0000 -3.8700 -4.2987
 0.0000 -3.4700 -4.2987
 0.0000 -3.0700 -4.2987
 0.0000 -2.6700 -4.2987
 0.0000 -2.2700 -4.2987
 0.0000 -1.8700 -4.2987
 0.0000 -1.4700 -4.2987
 0.0000 -1.0700 -4.2987
 0.0000 -0.6700 -4.2987
 0.0000 -0.2700 -4.2987
 0.0000 0.1300 -4.2987
 0.0000 0.5300 -4.2987
 0.0000 0.9300 -4.2987
 0.0000 1.3300 -4.2987
 0.0000 1.7300 -4.2987
 0.0000 2.1300 -4.2987
 0.0000 2.5300 -4.2987
 0.0000 2.9300 -4.2987
 0.0000 3.3300 -4.2987
 0.0000 3.7300 -4.2987
 0.0000 4.1300 -4.2987
 0.0000 4.5300 -4.2987
 0.0000 4.9300 -4.2987
 0.0000 5.3300 -4.2987
 0.0000 5.7300 -4.2987
 0.0000 6.1300 -4.2987
 0.0000 6.5300 -4.2987
 0.0000 -6.8700 -3.9523
 0.0000 -6.4700 -3.9523
 0.0000 -6.0700 -3.9523
 0.0000 -5.6700 -3.9523
 0.0000 -5.2700 -3.9523
 0.0000 -4.8700 -3.9523
 0.0000 -4.4700 -3.9523
 0.0000 -4.0700 -3.9523
 0.0000 -3.6700 -3.9523
 0.0000 -3.2700 -3.9523
 0.0000 -2.8700 -3.9523
 0.0000 -2.4700 -3.9523
 0.0000 -2.0700 -3.9523
 0.0000 -1.6700 -3.9523
 0.0000 -1.2700 -3.9523
 0.0000 -0.8700 -3.9523
 0.0000 -0.4700 -3.9523
 0.0000 -0.0700 -3.9523
 0.0000 0.3300 -3.9523
 0.0000 0.7300 -3.9523
 0.0000 1.1300 -3.9523
 0.0000 1.5300 -3.9523
 0.0000 1.9300 -3.9523
 0.0000 2.3300 -3.9523
 0.0000 2.7300 -3.9523
 0.0000 3.1300 -3.9523
 0.0000 3.5300 -3.9523
 0.0000 3.9300 -3.9523
 0.0000 4.3300 -3.9523
 0.0000 4.7300 -3.9523
 0.0000 5.1300 -3.9523
 0.0000 5.5300 -3.9523
 0.0000 5.9300 -3.9523
 0.0000 6.3300 -3.9523
 0.0000 6.7300 -3.9523
 0.0000 -7.0700 -3.6059
 0.0000 -6.6700 -3.6059
 0.0000 -6.2700 -3.6059
 0.0000 -5.8700 -3.6059
 0.0000 -5.4700 -3.6059
 0.0000 -5.0700 -3.6059
 0.0000 -4.6700 -3.6059
 0.0000 -4.2700 -3.6059
 0.0000 -3.8700 -3.6059
 0.0000 -3.4700 -3.6059
 0.0000 -3.0700 -3.6059
 0.0000 -2.6700 -3.6059
 0.0000 -2.2700 -3.6059
 0.0000 -1.8700 -3.6059
 0.0000 -1.4700 -3.6059
 0.0000 -1.0700 -3.6059
 0.0000 -0.6700 -3.6059
 0.0000 -0.2700 -3.6059
 0.0000 0.1300 -3.6059
 0.0000 0.5300 -3.6059
 0.0000 0.9300 -3.6059
 0.0000 1.3300 -3.6059
 0.0000 1.7300 -3.6059
 0.0000 2.1300 -3.6059
 0.0000 2.5300 -3.6059
 0.0000 2.9300 -3.6059
 0.0000 3.3300 -3.6059
 0.0000 3.7300 -3.6059
 0.0000 4.1300 -3.6059
 0.0000 4.5300 -3.6059
 0.0000 4.9300 -3.6059
 0.0000 5.3300 -3.6059
 0.0000 5.7300 -3.6059
 0.0000 6.1300 -3.6059
 0.0000 6.5300 -3.6059
 0.0000 -6.8700 -3.2595
 0.0000 -6.4700 -3.2595
 0.0000 -6.0700 -3.2595
 0.0000 -5.6700 -3.2595
 0.0000 -5.2700 -3.2595
 0.0000 -4.8700 -3.2595
 0.0000 -4.4700 -3.2595
 0.0000 -4.0700 -3.2595
 0.0000 -3.6700 -3.2595
 0.0000 -3.2700 -3.2595
 0.0000 -2.8700 -3.2595
 0.0000 -2.4700 -3.2595
 0.0000 -2.0700 -3.2595
 0.0000 -1.6700 -3.2595
 0.0000 -1.2700 -3.2595
 0.0000 -0.8700 -3.2595
 0.0000 -0.4700 -3.2595
 0.0000 -0.0700 -3.2595
 0.0000 0.3300 -3.2595
 0.0000 0.7300 -3.2595
 0.0000 1.1300 -3.2595
 0.0000 1.5300 -3.2595
 0.0000 1.9300 -3.2595
 0.0000 2.3300 -3.2595
 0.0000 2.7300 -3.2595
 0.0000 3.1300 -3.2595
 0.0000 3.5300 -3.2595
 0.0000 3.9300 -3.2595
 0.0000 4.3300 -3.2595
 0.0000 4.7300 -3.2595
 0.0000 5.1300 -3.2595
 0.0000 5.5300 -3.2595
 0.0000 5.9300 -3.2595
 0.0000 6.3300 -3.2595
 0.0000 6.7300 -3.2595
 0.0000 -7.0700 -2.9131
 0.0000 -6.6700 -2.9131
 0.0000 -6.2700 -2.9131
 0.0000 -5.8700 -2.9131
 0.0000 -5.4700 -2.9131
 0.0000 -5.0700 -2.9131
 0.0000 -4.6700 -2.9131
 0.0000 -4.2700 -2.9131
 0.0000 -3.8700 -2.9131
 0.0000 -3.4700 -2.9131
 0.0000 -3.0700 -2.9131
 0.0000 -2.6700 -2.9131
 0.0000 -2.2700 -2.9131
 0.0000 -1.8700 -2.9131
 0.0000 -1.4700 -2.9131
 0.0000 -1.0700 -2.9131
 0.0000 -0.6700 -2.9131
 0.0000 -0.2700 -2.9131
 0.0000 0.1300 -2.9131
 0.0000 0.5300 -2.9131
 0.0000 0.9300 -2.9131
 0.0000 1.3300 -2.9131
 0.0000 1.7300 -2.9131
 0.0000 2.1300 -2.9131
 0.0000 2.5300 -2.9131
 0.0000 2.9300 -2.9131
 0.0000 3.3300 -2.9131
 0.0000 3.7300 -2.9131
 0.0000 4.1300 -2.9131
 0.0000 4.5300 -2.9131
 0.0000 4.9300 -2.9131
 0.0000 5.3300 -2.9131
 0.0000 5.7300 -2.9131
 0.0000 6.1300 -2.9131
 0.0000 6.5300 -2.9131
 0.0000 -6.8700 -2.5667
 0.0000 -6.4700 -2.5667
 0.0000 -6.0700 -2.5667
 0.0000 -5.6700 -2.5667
 0.0000 -5.2700 -2.5667
 0.0000 -4.8700 -2.5667
 0.0000 -4.4700 -2.5667
 0.0000 -4.0700 -2.5667
 0.0000 -3.6700 -2.5667
 0.0000 -3.2700 -2.5667
 0.0000 -2.8700 -2.5667
 0.0000 -2.4700 -2.5667
 0.0000 -2.0700 -2.5667
 0.0000 -1.6700 -2.5667
 0.0000 -1.2700 -2.5667
 0.0000 -0.8700 -2.5667
 0.0000 -0.4700 -2.5667
 0.0000 -0.0700 -2.5667
 0.0000 0.3300 -2.5667
 0.0000 0.7300 -2.5667
 0.0000 1.1300 -2.5667
 0.0000 1.5300 -2.5667
 0.0000 1.9300 -2.5667
 0.0000 2.3300 -2.5667
 0.0000 2.7300 -2.5667
 0.0000 3.1300 -2.5667
 0.0000 3.5300 -2.5667
 0.0000 3.9300 -2.5667
 0.0000 4.3300 -2.5667
 0.0000 4.7300 -2.5667
 0.0000 5.1300 -2.5667
 0.0000 5.5300 -2.5667
 0.0000 5.9300 -2.5667
 0.0000 6.3300 -2.5667
 0.0000 6.7300 -2.5667
 0.0000 -7.0700 -2.2203
 0.0000 -6.6700 -2.2203
 0.0000 -6.2700 -2.2203
 0.0000 -5.8700 -2.2203
 0.0000 -5.4700 -2.2203
 0.0000 -5.0700 -2.2203
 0.0000 -4.6700 -2.2203
 0.0000 -4.2700 -2.2203
 0.0000 -3.8700 -2.2203
 0.0000 -3.4700 -2.2203
 0.0000 -3.0700 -2.2203
 0.0000 -2.6700 -2.2203
 0.0000 -2.2700 -2.2203
 0.0000 -1.8700 -2.2203
 0.0000 -1.4700 -2.2203
 0.0000 -1.0700 -2.2203
 0.0000 -0.6700 -2.2203
 0.0000 -0.2700 -2.2203
 0.0000 0.1300 -2.2203
 0.0000 0.5300 -2.2203
 0.0000 0.9300 -2.2203
 0.0000 1.3300 -2.2203
 0.0000 1.7300 -2.2203
 0.0000 2.1300 -2.2203
 0.0000 2.5300 -2.2203
 0.0000 2.9300 -2.2203
 0.0000 3.3300 -2.2203
 0.0000 3.7300 -2.2203
 0.0000 4.1300 -2.2203
 0.0000 4.5300 -2.2203
 0.0000 4.9300 -2.2203
 0.0000 5.3300 -2.2203
 0.0000 5.7300 -2.2203
 0.0000 6.1300 -2.2203
 0.0000 6.5300 -2.2203
 0.0000 -6.8700 -1.8738
 0.0000 -6.4700 -1.8738
 0.0000 -6.0700 -1.8738
 0.0000 -5.6700 -1.8738
 0.0000 -5.2700 -1.8738
 0.0000 -4.8700 -1.8738
 0.0000 -4.4700 -1.8738
 0.0000 -4.0700 -1.8738
 0.0000 -3.6700 -1.8738
 0.0000 -3.2700 -1.8738
 0.0000 -2.8700 -1.8738
 0.0000 -2.4700 -1.8738
 0.0000 -2.0700 -1.8738
 0.0000 -1.6700 -1.8738
 0.0000 -1.2700 -1.8738
 0.0000 -0.8700 -1.8738
 0.0000 -0.4700 -1.8738
 0.0000 -0.0700 -1.8738
 0.0000 0.3300 -1.8738
 0.0000 0.7300 -1.8738
 0.0000 1.1300 -1.8738
 0.0000 1.5300 -1.8738
 0.0000 1.9300 -1.8738
 0.0000 2.3300 -1.8738
 0.0000 2.7300 -1.8738
 0.0000 3.1300 -1.8738
 0.0000 3.5300 -1.8738
 0.0000 3.9300 -1.8738
 0.0000 4.3300 -1.8738
 0.0000 4.7300 -1.8738
 0.0000 5.1300 -1.8738
 0.0000 5.5300 -1.8738
 0.0000 5.9300 -1.8738
 0.0000 6.3300 -1.8738
 0.0000 6.7300 -1.8738
 0.0000 -7.0700 -1.5274
 0.0000 -6.6700 -1.5274
 0.0000 -6.2700 -1.5274
 0.0000 -5.8700 -1.5274
 0.0000 -5.4700 -1.5274
 0.0000 -5.0700 -1.5274
 0.0000 -4.6700 -1.5274
 0.0000 -4.2700 -1.5274
 0.0000 -3.8700 -1.5274
 0.0000 -3.4700 -1.5274
 0.0000 -3.0700 -1.5274
 0.0000 -2.6700 -1.5274
 0.0000 -2.2700 -1.5274
 0.0000 -1.8700 -1.5274
 0.0000 -1.4700 -1.5274
 0.0000 -1.0700 -1.5274
 0.0000 -0.6700 -1.5274
 0.0000 -0.2700 -1.5274
 0.0000 0.1300 -1.5274
 0.0000 0.5300 -1.5274
 0.0000 0.9300 -1.5274
 0.0000 1.3300 -1.5274
 0.0000 1.7300 -1.5274
 0.0000 2.1300 -1.5274
 0.0000 2.5300 -1.5274
 0.0000 2.9300 -1.5274
 0.0000 3.3300 -1.5274
 0.0000 3.7300 -1.5274
 0.0000 4.1300 -1.5274
 0.0000 4.5300 -1.5274
 0.0000 4.9300 -1.5274
 0.0000 5.3300 -1.5274
 0.0000 5.7300 -1.5274
 0.0000 6.1300 -1.5274
 0.0000 6.5300 -1.5274
 0.0000 -6.8700 -1.1810
 0.0000 -6.4700 -1.1810
 0.0000 -6.0700 -1.1810
 0.0000 -5.6700 -1.1810
 0.0000 -5.2700 -1.1810
 0.0000 -4.8700 -1.1810
 0.0000 -4.4700 -1.1810
 0.0000 -4.0700 -1.1810
 0.0000 -3.6700 -1.1810
 0.0000 -3.2700 -1.1810
 0.0000 -2.8700 -1.1810
 0.0000 -2.4700 -1.1810
 0.0000 -2.0700 -1.1810
 0.0000 -1.6700 -1.1810
 0.0000 -1.2700 -1.1810
 0.0000 -0.8700 -1.1810
 0.0000 -0.4700 -1.1810
 0.0000 -0.0700 -1.1810
 0.0000 0.3300 -1.1810
 0.0000 0.7300 -1.1810
 0.0000 1.1300 -1.1810
 0.0000 1.5300 -1.1810
 0.0000 1.9300 -1.1810
 0.0000 2.3300 -1.1810
 0.0000 2.7300 -1.1810
 0.0000 3.1300 -1.1810
 0.0000 3.5300 -1.1810
 0.0000 3.9300 -1.1810
 0.0000 4.3300 -1.1810
 0.0000 4.7300 -1.1810
 0.0000 5.1300 -1.1810
 0.0000 5.5300 -1.1810
 0.0000 5.9300 -1.1810
 0.0000 6.3300 -1.1810
 0.0000 6.7300 -1.1810
 0.0000 -7.0700 -0.8346
 0.0000 -6.6700 -0.8346
 0.0000 -6.2700 -0.8346
 0.0000 -5.8700 -0.8346
 0.0000 -5.4700 -0.8346
 0.0000 -5.0700 -0.8346
 0.0000 -4.6700 -0.8346
 0.0000 -4.2700 -0.8346
 0.0000 -3.8700 -0.8346
 0.0000 -3.4700 -0.8346
 0.0000 -3.0700 -0.8346
 0.0000 -2.6700 -0.8346
 0.0000 -2.2700 -0.8346
 0.0000 -1.8700 -0.8346
 0.0000 -1.4700 -0.8346
 0.0000 -1.0700 -0.8346
 0.0000 -0.6700 -0.8346
 0.0000 -0.2700 -0.8346
 0.0000 0.1300 -0.8346
 0.0000 0.5300 -0.8346
 0.0000 0.9300 -0.8346
 0.0000 1.3300 -0.8346
 0.0000 1.7300 -0.8346
 0.0000 2.1300 -0.8346
 0.0000 2.5300 -0.8346
 0.0000 2.9300 -0.8346
 0.0000 3.3300 -0.8346
 0.0000 3.7300 -0.8346
 0.0000 4.1300 -0.8346
 0.0000 4.5300 -0.8346
 0.0000 4.9300 -0.8346
 0.0000 5.3300 -0.8346
 0.0000 5.7300 -0.8346
 0.0000 6.1300 -0.8346
 0.0000 6.5300 -0.8346
 0.0000 -6.8700 -0.4882
 0.0000 -6.4700 -0.4882
 0.0000 -6.0700 -0.4882
 0.0000 -5.6700 -0.4882
 0.0000 -5.2700 -0.4882
 0.0000 -4.8700 -0.4882
 0.0000 -4.4700 -0.4882
 0.0000 -4.0700 -0.4882
 0.0000 -3.6700 -0.4882
 0.0000 -3.2700 -0.4882
 0.0000 -2.8700 -0.4882
 0.0000 -2.4700 -0.4882
 0.0000 -2.0700 -0.4882
 0.0000 -1.6700 -0.4882
 0.0000 -1.2700 -0.4882
 0.0000 -0.8700 -0.4882
 0.0000 -0.4700 -0.4882
 0.0000 -0.0700 -0.4882
 0.0000 0.3300 -0.4882
 0.0000 0.7300 -0.4882
 0.0000 1.1300 -0.4882
 0.0000 1.5300 -0.4882
 0.0000 1.9300 -0.4882
 0.0000 2.3300 -0.4882
 0.0000 2.7300 -0.4882
 0.0000 3.1300 -0.4882
 0.0000 3.5300 -0.4882
 0.0000 3.9300 -0.4882
 0.0000 4.3300 -0.4882
 0.0000 4.7300 -0.4882
 0.0000 5.1300 -0.4882
 0.0000 5.5300 -0.4882
 0.0000 5.9300 -0.4882
 0.0000 6.3300 -0.4882
 0.0000 6.7300 -0.4882
 0.0000 -7.0700 -0.1418
 0.0000 -6.6700 -0.1418
 0.0000 -6.2700 -0.1418
 0.0000 -5.8700 -0.1418
 0.0000 -5.4700 -0.1418
 0.0000 -5.0700 -0.1418
 0.0000 -4.6700 -0.1418
 0.0000 -4.2700 -0.1418
 0.0000 -3.8700 -0.1418
 0.0000 -3.4700 -0.1418
 0.0000 -3.0700 -0.1418
 0.0000 -2.6700 -0.1418
 0.0000 -2.2700 -0.1418
 0.0000 -1.8700 -0.1418
 0.0000 -1.4700 -0.1418
 0.0000 -1.0700 -0.1418
 0.0000 -0.6700 -0.1418
 0.0000 -0.2700 -0.1418
 0.0000 0.1300 -0.1418
 0.0000 0.5300 -0.1418
 0.0000 0.9300 -0.1418
 0.0000 1.3300 -0.1418
 0.0000 1.7300 -0.1418
 0.0000 2.1300 -0.1418
 0.0000 2.5300 -0.1418
 0.0000 2.9300 -0.1418
 0.0000 3.3300 -0.1418
 0.0000 3.7300 -0.1418
 0.0000 4.1300 -0.1418
 0.0000 4.5300 -0.1418
 0.0000 4.9300 -0.1418
 0.0000 5.3300 -0.1418
 0.0000 5.7300 -0.1418
 0.0000 6.1300 -0.1418
 0.0000 6.5300 -0.1418
 0.0000 -6.8700 0.2046
 0.0000 -6.4700 0.2046
 0.0000 -6.0700 0.2046
 0.0000 -5.6700 0.2046
 0.0000 -5.2700 0.2046
 0.0000 -4.8700 0.2046
 0.0000 -4.4700 0.2046
 0.0000 -4.0700 0.2046
 0.0000 -3.6700 0.2046
 0.0000 -3.2700 0.2046
 0.0000 -2.8700 0.2046
 0.0000 -2.4700 0.2046
 0.0000 -2.0700 0.2046
 0.0000 -1.6700 0.2046
 0.0000 -1.2700 0.2046
 0.0000 -0.8700 0.2046
 0.0000 -0.4700 0.2046
 0.0000 -0.0700 0.2046
 0.0000 0.3300 0.2046
 0.0000 0.7300 0.2046
 0.0000 1.1300 0.2046
 0.0000 1.5300 0.2046
 0.0000 1.9300 0.2046
 0.0000 2.3300 0.2046
 0.0000 2.7300 0.2046
 0.0000 3.1300 0.2046
 0.0000 3.5300 0.2046
 0.0000 3.9300 0.2046
 0.0000 4.3300 0.2046
 0.0000 4.7300 0.2046
 0.0000 5.1300 0.2046
 0.0000 5.5300 0.2046
 0.0000 5.9300 0.2046
 0.0000 6.3300 0.2046
 0.0000 6.7300 0.2046
 0.0000 -7.0700 0.5510
 0.0000 -6.6700 0.5510
 0.0000 -6.2700 0.5510
 0.0000 -5.8700 0.5510
 0.0000 -5.4700 0.5510
 0.0000 -5.0700 0.5510
 0.0000 -4.6700 0.5510
 0.0000 -4.2700 0.5510
 0.0000 -3.8700 0.5510
 0.0000 -3.4700 0.5510
 0.0000 -3.0700 0.5510
 0.0000 -2.6700 0.5510
 0.0000 -2.2700 0.5510
 0.0000 -1.8700 0.5510
 0.0000 -1.4700 0.5510
 0.0000 -1.0700 0.5510
 0.0000 -0.6700 0.5510
 0.0000 -0.2700 0.5510
 0.0000 0.1300 0.5510
 0.0000 0.5300 0.5510
 0.0000 0.9300 0.5510
 0.0000 1.3300 0.5510
 0.0000 1.7300 0.5510
 0.0000 2.1300 0.5510
 0.0000 2.5300 0.5510
 0.0000 2.9300 0.5510
 0.0000 3.3300 0.5510
 0.0000 3.7300 0.5510
 0.0000 4.1300 0.5510
 0.0000 4.5300 0.5510
 0.0000 4.9300 0.5510
 0.0000 5.3300 0.5510
 0.0000 5.7300 0.5510
 0.0000 6.1300 0.5510
 0.0000 6.5300 0.5510
 0.0000 -6.8700 0.8974
 0.0000 -6.4700 0.8974
 0.0000 -6.0700 0.8974
 0.0000 -5.6700 0.8974
 0.0000 -5.2700 0.8974
 0.0000 -4.8700 0.8974
 0.0000 -4.4700 0.8974
 0.0000 -4.0700 0.8974
 0.0000 -3.6700 0.8974
 0.0000 -3.2700 0.8974
 0.0000 -2.8700 0.8974
 0.0000 -2.4700 0.8974
 0.0000 -2.0700 0.8974
 0.0000 -1.6700 0.8974
 0.0000 -1.2700 0.8974
 0.0000 -0.8700 0.8974
 0.0000 -0.4700 0.8974
 0.0000 -0.0700 0.8974
 0.0000 0.3300 0.8974
 0.0000 0.7300 0.8974
 0.0000 1.1300 0.8974
 0.0000 1.5300 0.8974
 0.0000 1.9300 0.8974
 0.0000 2.3300 0.8974
 0.0000 2.7300 0.8974
 0.0000 3.1300 0.8974
 0.0000 3.5300 0.8974
 0.0000 3.9300 0.8974
 0.0000 4.3300 0.8974
 0.0000 4.7300 0.8974
 0.0000 5.1300 0.8974
 0.0000 5.5300 0.8974
 0.0000 5.9300 0.8974
 0.0000 6.3300 0.8974
 0.0000 6.7300 0.8974
 0.0000 -7.0700 1.2438
 0.0000 -6.6700 1.2438
 0.0000 -6.2700 1.2438
 0.0000 -5.8700 1.2438
 0.0000 -5.4700 1.2438
 0.0000 -5.0700 1.2438
 0.0000 -4.6700 1.2438
 0.0000 -4.2700 1.2438
 0.0000 -3.8700 1.2438
 0.0000 -3.4700 1.2438
 0.0000 -3.0700 1.2438
 0.0000 -2.6700 1.2438
 0.0000 -2.2700 1.2438
 0.0000 -1.8700 1.2438
 0.0000 -1.4700 1.2438
 0.0000 -1.0700 1.2438
 0.0000 -0.6700 1.2438
 0.0000 -0.2700 1.2438
 0.0000 0.1300 1.2438
 0.0000 0.5300 1.2438
 0.0000 0.9300 1.2438
 0.0000 1.3300 1.2438
 0.0000 1.7300 1.2438
 0.0000 2.1300 1.2438
 0.0000 2.5300 1.2438
 0.0000 2.9300 1.2438
 0.0000 3.3300 1.2438
 0.0000 3.7300 1.2438
 0.0000 4.1300 1.2438
 0.0000 4.5300 1.2438
 0.0000 4.9300 1.2438
 0.0000 5.3300 1.2438
 0.0000 5.7300 1.2438
 0.0000 6.1300 1.2438
 0.0000 6.5300 1.2438
 0.0000 -6.8700 1.5903
 0.0000 -6.4700 1.5903
 0.0000 -6.0700 1.5903
 0.0000 -5.6700 1.5903
 0.0000 -5.2700 1.5903
 0.0000 -4.8700 1.5903
 0.0000 -4.4700 1.5903
 0.0000 -4.0700 1.5903
 0.0000 -3.6700 1.5903
 0.0000 -3.2700 1.5903
 0.0000 -2.8700 1.5903
 0.0000 -2.4700 1.5903
 0.0000 -2.0700 1.5903
 0.0000 -1.6700 1.5903
 0.0000 -1.2700 1.5903
 0.0000 -0.8700 1.5903
 0.0000 -0.4700 1.5903
 0.0000 -0.0700 1.5903
 0.0000 0.3300 1.5903
 0.0000 0.7300 1.5903
 0.0000 1.1300 1.5903
 0.0000 1.5300 1.5903
 0.0000 1.9300 1.5903
 0.0000 2.3300 1.5903
 0.0000 2.7300 1.5903
 0.0000 3.1300 1.5903
 0.0000 3.5300 1.5903
 0.0000 3.9300 1.5903
 0.0000 4.3300 1.5903
 0.0000 4.7300 1.5903
 0.0000 5.1300 1.5903
 0.0000 5.5300 1.5903
 0.0000 5.9300 1.5903
 0.0000 6.3300 1.5903
 0.0000 6.7300 1.5903
 0.0000 -7.0700 1.9367
 0.0000 -6.6700 1.9367
 0.0000 -6.2700 1.9367
 0.0000 -5.8700 1.9367
 0.0000 -5.4700 1.9367
 0.0000 -5.0700 1.9367
 0.0000 -4.6700 1.9367
 0.0000 -4.2700 1.9367
 0.0000 -3.8700 1.9367
 0.0000 -3.4700 1.9367
 0.0000 -3.0700 1.9367
 0.0000 -2.6700 1.9367
 0.0000 -2.2700 1.9367
 0.0000 -1.8700 1.9367
 0.0000 -1.4700 1.9367
 0.0000 -1.0700 1.9367
 0.0000 -0.6700 1.9367
 0.0000 -0.2700 1.9367
 0.0000 0.1300 1.9367
 0.0000 0.5300 1.9367
 0.0000 0.9300 1.9367
 0.0000 1.3300 1.9367
 0.0000 1.7300 1.9367
 0.0000 2.1300 1.9367
 0.0000 2.5300 1.9367
 0.0000 2.9300 1.9367
 0.0000 3.3300 1.9367
 0.0000 3.7300 1.9367
 0.0000 4.1300 1.9367
 0.0000 4.5300 1.9367
 0.0000 4.9300 1.9367
 0.0000 5.3300 1.9367
 0.0000 5.7300 1.9367
 0.0000 6.1300 1.9367
 0.0000 6.5300 1.9367
 0.0000 -6.8700 2.2831
 0.0000 -6.4700 2.2831
 0.0000 -6.0700 2.2831
 0.0000 -5.6700 2.2831
 0.0000 -5.2700 2.2831
 0.0000 -4.8700 2.2831
 0.0000 -4.4700 2.2831
 0.0000 -4.0700 2.2831
 0.0000 -3.6700 2.2831
 0.0000 -3.2700 2.2831
 0.0000 -2.8700 2.2831
 0.0000 -2.4700 2.2831
 0.0000 -2.0700 2.2831
 0.0000 -1.6700 2.2831
 0.0000 -1.2700 2.2831
 0.0000 -0.8700 2.2831
 0.0000 -0.4700 2.2831
 0.0000 -0.0700 2.2831
 0.0000 0.3300 2.2831
 0.0000 0.7300 2.2831
 0.0000 1.1300 2.2831
 0.0000 1.5300 2.2831
 0.0000 1.9300 2.2831
 0.0000 2.3300 2.2831
 0.0000 2.7300 2.2831
 0.0000 3.1300 2.2831
 0.0000 3.5300 2.2831
 0.0000 3.9300 2.2831
 0.0000 4.3300 2.2831
 0.0000 4.7300 2.2831
 0.0000 5.1300 2.2831
 0.0000 5.5300 2.2831
 0.0000 5.9300 2.2831
 0.0000 6.3300 2.2831
 0.0000 6.7300 2.2831
 0.0000 -7.0700 2.6295
 0.0000 -6.6700 2.6295
 0.0000 -6.2700 2.6295
 0.0000 -5.8700 2.6295
 0.0000 -5.4700 2.6295
 0.0000 -5.0700 2.6295
 0.0000 -4.6700 2.6295
 0.0000 -4.2700 2.6295
 0.0000 -3.8700 2.6295
 0.0000 -3.4700 2.6295
 0.0000 -3.0700 2.6295
 0.0000 -2.6700 2.6295
 0.0000 -2.2700 2.6295
 0.0000 -1.8700 2.6295
 0.0000 -1.4700 2.6295
 0.0000 -1.0700 2.6295
 0.0000 -0.6700 2.6295
 0.0000 -0.2700 2.6295
 0.0000 0.1300 2.6295
 0.0000 0.5300 2.6295
 0.0000 0.9300 2.6295
 0.0000 1.3300 2.6295
 0.0000 1.7300 2.6295
 0.0000 2.1300 2.6295
 0.0000 2.5300 2.6295
 0.0000 2.9300 2.6295
 0.0000 3.3300 2.6295
 0.0000 3.7300 2.6295
 0.0000 4.1300 2.6295
 0.0000 4.5300 2.6295
 0.0000 4.9300 2.6295
 0.0000 5.3300 2.6295
 0.0000 5.7300 2.6295
 0.0000 6.1300 2.6295
 0.0000 6.5300 2.6295
 0.0000 -6.8700 2.9759
 0.0000 -6.4700 2.9759
 0.0000 -6.0700 2.9759
 0.0000 -5.6700 2.9759
 0.0000 -5.2700 2.9759
 0.0000 -4.8700 2.9759
 0.0000 -4.4700 2.9759
 0.0000 -4.0700 2.9759
 0.0000 -3.6700 2.9759
 0.0000 -3.2700 2.9759
 0.0000 -2.8700 2.9759
 0.0000 -2.4700 2.9759
 0.0000 -2.0700 2.9759
 0.0000 -1.6700 2.9759
 0.0000 -1.2700 2.9759
 0.0000 -0.8700 2.9759
 0.0000 -0.4700 2.9759
 0.0000 -0.0700 2.9759
 0.0000 0.3300 2.9759
 0.0000 0.7300 2.9759
 0.0000 1.1300 2.9759
 0.0000 1.5300 2.9759
 0.0000 1.9300 2.9759
 0.0000 2.3300 2.9759
 0.0000 2.7300 2.9759
 0.0000 3.1300 2.9759
 0.0000 3.5300 2.9759
 0.0000 3.9300 2.9759
 0.0000 4.3300 2.9759
 0.0000 4.7300 2.9759
 0.0000 5.1300 2.9759
 0.0000 5.5300 2.9759
 0.0000 5.9300 2.9759
 0.0000 6.3300 2.9759
 0.0000 6.7300 2.9759
 0.0000 -7.0700 3.3223
 0.0000 -6.6700 3.3223
 0.0000 -6.2700 3.3223
 0.0000 -5.8700 3.3223
 0.0000 -5.4700 3.3223
 0.0000 -5.0700 3.3223
 0.0000 -4.6700 3.3223
 0.0000 -4.2700 3.3223
 0.0000 -3.8700 3.3223
 0.0000 -3.4700 3.3223
 0.0000 -3.0700 3.3223
 0.0000 -2.6700 3.3223
 0.0000 -2.2700 3.3223
 0.0000 -1.8700 3.3223
 0.0000 -1.4700 3.3223
 0.0000 -1.0700 3.3223
 0.0000 -0.6700 3.3223
 0.0000 -0.2700 3.3223
 0.0000 0.1300 3.3223
 0.0000 0.5300 3.3223
 0.0000 0.9300 3.3223
 0.0000 1.3300 3.3223
 0.0000 1.7300 3.3223
 0.0000 2.1300 3.3223
 0.0000 2.5300 3.3223
 0.0000 2.9300 3.3223
 0.0000 3.3300 3.3223
 0.0000 3.7300 3.3223
 0.0000 4.1300 3.3223
 0.0000 4.5300 3.3223
 0.0000 4.9300 3.3223
 0.0000 5.3300 3.3223
 0.0000 5.7300 3.3223
 0.0000 6.1300 3.3223
 0.0000 6.5300 3.3223
 0.0000 -6.8700 3.6687
 0.0000 -6.4700 3.6687
 0.0000 -6.0700 3.6687
 0.0000 -5.6700 3.6687
 0.0000 -5.2700 3.6687
 0.0000 -4.8700 3.6687
 0.0000 -4.4700 3.6687
 0.0000 -4.0700 3.6687
 0.0000 -3.6700 3.6687
 0.0000 -3.2700 3.6687
 0.0000 -2.8700 3.6687
 0.0000 -2.4700 3.6687
 0.0000 -2.0700 3.6687
 0.0000 -1.6700 3.6687
 0.0000 -1.2700 3.6687
 0.0000 -0.8700 3.6687
 0.0000 -0.4700 3.6687
 0.0000 -0.0700 3.6687
 0.0000 0.3300 3.6687
 0.0000 0.7300 3.6687
 0.0000 1.1300 3.6687
 0.0000 1.5300 3.6687
 0.0000 1.9300 3.6687
 0.0000 2.3300 3.6687
 0.0000 2.7300 3.6687
 0.0000 3.1300 3.6687
 0.0000 3.5300 3.6687
 0.0000 3.9300 3.6687
 0.0000 4.3300 3.6687
 0.0000 4.7300 3.6687
 0.0000 5.1300 3.6687
 0.0000 5.5300 3.6687
 0.0000 5.9300 3.6687
 0.0000 6.3300 3.6687
 0.0000 6.7300 3.6687
 0.0000 -7.0700 4.0151
 0.0000 -6.6700 4.0151
 0.0000 -6.2700 4.0151
 0.0000 -5.8700 4.0151
 0.0000 -5.4700 4.0151
 0.0000 -5.0700 4.0151
 0.0000 -4.6700 4.0151
 0.0000 -4.2700 4.0151
 0.0000 -3.8700 4.0151
 0.0000 -3.4700 4.0151
 0.0000 -3.0700 4.0151
 0.0000 -2.6700 4.0151
 0.0000 -2.2700 4.0151
 0.0000 -1.8700 4.0151
 0.0000 -1.4700 4.0151
 0.0000 -1.0700 4.0151
 0.0000 -0.6700 4.0151
 0.0000 -0.2700 4.0151
 0.0000 0.1300 4.0151
 0.0000 0.5300 4.0151
 0.0000 0.9300 4.0151
 0.0000 1.3300 4.0151
 0.0000 1.7300 4.0151
 0.0000 2.1300 4.0151
 0.0000 2.5300 4.0151
 0.0000 2.9300 4.0151
 0.0000 3.3300 4.0151
 0.0000 3.7300 4.0151
 0.0000 4.1300 4.0151
 0.0000 4.5300 4.0151
 0.0000 4.9300 4.0151
 0.0000 5.3300 4.0151
 0.0000 5.7300 4.0151
 0.0000 6.1300 4.0151
 0.0000 6.5300 4.0151
 0.0000 -6.8700 4.3615
 0.0000 -6.4700 4.3615
 0.0000 -6.0700 4.3615
 0.0000 -5.6700 4.3615
 0.0000 -5.2700 4.3615
 0.0000 -4.8700 4.3615
 0.0000 -4.4700 4.3615
 0.0000 -4.0700 4.3615
 0.0000 -3.6700 4.3615
 0.0000 -3.2700 4.3615
 0.0000 -2.8700 4.3615
 0.0000 -2.4700 4.3615
 0.0000 -2.0700 4.3615
 0.0000 -1.6700 4.3615
 0.0000 -1.2700 4.3615
 0.0000 -0.8700 4.3615
 0.0000 -0.4700 4.3615
 0.0000 -0.0700 4.3615
 0.0000 0.3300 4.3615
 0.0000 0.7300 4.3615
 0.0000 1.1300 4.3615
 0.0000 1.5300 4.3615
 0.0000 1.9300 4.3615
 0.0000 2.3300 4.3615
 0.0000 2.7300 4.3615
 0.0000 3.1300 4.3615
 0.0000 3.5300 4.3615
 0.0000 3.9300 4.3615
 0.0000 4.3300 4.3615
 0.0000 4.7300 4.3615
 0.0000 5.1300 4.3615
 0.0000 5.5300 4.3615
 0.0000 5.9300 4.3615
 0.0000 6.3300 4.3615
 0.0000 6.7300 4.3615
 0.0000 -7.0700 4.7079
 0.0000 -6.6700 4.7079
 0.0000 -6.2700 4.7079
 0.0000 -5.8700 4.7079
 0.0000 -5.4700 4.7079
 0.0000 -5.0700 4.7079
 0.0000 -4.6700 4.7079
 0.0000 -4.2700 4.7079
 0.0000 -3.8700 4.7079
 0.0000 -3.4700 4.7079
 0.0000 -3.0700 4.7079
 0.0000 -2.6700 4.7079
 0.0000 -2.2700 4.7079
 0.0000 -1.8700 4.7079
 0.0000 -1.4700 4.7079
 0.0000 -1.0700 4.7079
 0.0000 -0.6700 4.7079
 0.0000 -0.2700 4.7079
 0.0000 0.1300 4.7079
 0.0000 0.5300 4.7079
 0.0000 0.9300 4.7079
 0.0000 1.3300 4.7079
 0.0000 1.7300 4.7079
 0.0000 2.1300 4.7079
 0.0000 2.5300 4.7079
 0.0000 2.9300 4.7079
 0.0000 3.3300 4.7079
 0.0000 3.7300 4.7079
 0.0000 4.1300 4.7079
 0.0000 4.5300 4.7079
 0.0000 4.9300 4.7079
 0.0000 5.3300 4.7079
 0.0000 5.7300 4.7079
 0.0000 6.1300 4.7079
 0.0000 6.5300 4.7079
 0.0000 -6.8700 5.0544
 0.0000 -6.4700 5.0544
 0.0000 -6.0700 5.0544
 0.0000 -5.6700 5.0544
 0.0000 -5.2700 5.0544
 0.0000 -4.8700 5.0544
 0.0000 -4.4700 5.0544
 0.0000 -4.0700 5.0544
 0.0000 -3.6700 5.0544
 0.0000 -3.2700 5.0544
 0.0000 -2.8700 5.0544
 0.0000 -2.4700 5.0544
 0.0000 -2.0700 5.0544
 0.0000 -1.6700 5.0544
 0.0000 -1.2700 5.0544
 0.0000 -0.8700 5.0544
 0.0000 -0.4700 5.0544
 0.0000 -0.0700 5.0544
 0.0000 0.3300 5.0544
 0.0000 0.7300 5.0544
 0.0000 1.1300 5.0544
 0.0000 1.5300 5.0544
 0.0000 1.9300 5.0544
 0.0000 2.3300 5.0544
 0.0000 2.7300 5.0544
 0.0000 3.1300 5.0544
 0.0000 3.5300 5.0544
 0.0000 3.9300 5.0544
 0.0000 4.3300 5.0544
 0.0000 4.7300 5.0544
 0.0000 5.1300 5.0544
 0.0000 5.5300 5.0544
 0.0000 5.9300 5.0544
 0.0000 6.3300 5.0544
 0.0000 6.7300 5.0544
 0.0000 -7.0700 5.4008
 0.0000 -6.6700 5.4008
 0.0000 -6.2700 5.4008
 0.0000 -5.8700 5.4008
 0.0000 -5.4700 5.4008
 0.0000 -5.0700 5.4008
 0.0000 -4.6700 5.4008
 0.0000 -4.2700 5.4008
 0.0000 -3.8700 5.4008
 0.0000 -3.4700 5.4008
 0.0000 -3.0700 5.4008
 0.0000 -2.6700 5.4008
 0.0000 -2.2700 5.4008
 0.0000 -1.8700 5.4008
 0.0000 -1.4700 5.4008
 0.0000 -1.0700 5.4008
 0.0000 -0.6700 5.4008
 0.0000 -0.2700 5.4008
 0.0000 0.1300 5.4008
 0.0000 0.5300 5.4008
 0.0000 0.9300 5.4008
 0.0000 1.3300 5.4008
 0.0000 1.7300 5.4008
 0.0000 2.1300 5.4008
 0.0000 2.5300 5.4008
 0.0000 2.9300 5.4008
 0.0000 3.3300 5.4008
 0.0000 3.7300 5.4008
 0.0000 4.1300 5.4008
 0.0000 4.5300 5.4008
 0.0000 4.9300 5.4008
 0.0000 5.3300 5.4008
 0.0000 5.7300 5.4008
 0.0000 6.1300 5.4008
 0.0000 6.5300 5.4008
 0.0000 -6.8700 5.7472
 0.0000 -6.4700 5.7472
 0.0000 -6.0700 5.7472
 0.0000 -5.6700 5.7472
 0.0000 -5.2700 5.7472
 0.0000 -4.8700 5.7472
 0.0000 -4.4700 5.7472
 0.0000 -4.0700 5.7472
 0.0000 -3.6700 5.7472
 0.0000 -3.2700 5.7472
 0.0000 -2.8700 5.7472
 0.0000 -2.4700 5.7472
 0.0000 -2.0700 5.7472
 0.0000 -1.6700 5.7472
 0.0000 -1.2700 5.7472
 0.0000 -0.8700 5.7472
 0.0000 -0.4700 5.7472
 0.0000 -0.0700 5.7472
 0.0000 0.3300 5.7472
 0.0000 0.7300 5.7472
 0.0000 1.1300 5.7472
 0.0000 1.5300 5.7472
 0.0000 1.9300 5.7472
 0.0000 2.3300 5.7472
 0.0000 2.7300 5.7472
 0.0000 3.1300 5.7472
 0.0000 3.5300 5.7472
 0.0000 3.9300 5.7472
 0.0000 4.3300 5.7472
 0.0000 4.7300 5.7472
 0.0000 5.1300 5.7472
 0.0000 5.5300 5.7472
 0.0000 5.9300 5.7472
 0.0000 6.3300 5.7472
 0.0000 6.7300 5.7472
 0.0000 -7.0700 6.0936
 0.0000 -6.6700 6.0936
 0.0000 -6.2700 6.0936
 0.0000 -5.8700 6.0936
 0.0000 -5.4700 6.0936
 0.0000 -5.0700 6.0936
 0.0000 -4.6700 6.0936
 0.0000 -4.2700 6.0936
 0.0000 -3.8700 6.0936
 0.0000 -3.4700 6.0936
 0.0000 -3.0700 6.0936
 0.0000 -2.6700 6.0936
 0.0000 -2.2700 6.0936
 0.0000 -1.8700 6.0936
 0.0000 -1.4700 6.0936
 0.0000 -1.0700 6.0936
 0.0000 -0.6700 6.0936
 0.0000 -0.2700 6.0936
 0.0000 0.1300 6.0936
 0.0000 0.5300 6.0936
 0.0000 0.9300 6.0936
 0.0000 1.3300 6.0936
 0.0000 1.7300 6.0936
 0.0000 2.1300 6.0936
 0.0000 2.5300 6.0936
 0.0000 2.9300 6.0936
 0.0000 3.3300 6.0936
 0.0000 3.7300 6.0936
 0.0000 4.1300 6.0936
 0.0000 4.5300 6.0936
 0.0000 4.9300 6.0936
 0.0000 5.3300 6.0936
 0.0000 5.7300 6.0936
 0.0000 6.1300 6.0936
 0.0000 6.5300 6.0936
 0.0000 -6.8700 6.4400
 0.0000 -6.4700 6.4400
 0.0000 -6.0700 6.4400
 0.0000 -5.6700 6.4400
 0.0000 -5.2700 6.4400
 0.0000 -4.8700 6.4400
 0.0000 -4.4700 6.4400
 0.0000 -4.0700 6.4400
 0.0000 -3.6700 6.4400
 0.0000 -3.2700 6.4400
 0.0000 -2.8700 6.4400
 0.0000 -2.4700 6.4400
 0.0000 -2.0700 6.4400
 0.0000 -1.6700 6.4400
 0.0000 -1.2700 6.4400
 0.0000 -0.8700 6.4400
 0.0000 -0.4700 6.4400
 0.0000 -0.0700 6.4400
 0.0000 0.3300 6.4400
 0.0000 0.7300 6.4400
 0.0000 1.1300 6.4400
 0.0000 1.5300 6.4400
 0.0000 1.9300 6.4400
 0.0000 2.3300 6.4400
 0.0000 2.7300 6.4400
 0.0000 3.1300 6.4400
 0.0000 3.5300 6.4400
 0.0000 3.9300 6.4400
 0.0000 4.3300 6.4400
 0.0000 4.7300 6.4400
 0.0000 5.1300 6.4400
 0.0000 5.5300 6.4400
 0.0000 5.9300 6.4400
 0.0000 6.3300 6.4400
 0.0000 6.7300 6.4400

Types

